time,u,v,w,p,q,r,phi,theta,Xacc,GZ
0.000000,0.000000,0.000000,0.000000,0.000000,0.000000,0.000000,0.000000,0.000000,0.000000,0.000000
1.000000,0.021745,0.036254,0.069902,0.097775,-0.038866,0.001179,0.066062,-0.013362,0.067400,0.023496
2.000000,-0.013924,-0.017722,-0.080472,-0.094405,0.037425,0.003956,0.047375,-0.017458,0.050489,0.017607
3.000000,-0.008058,-0.006962,-0.052387,-0.093374,0.040183,0.007298,-0.059223,0.012665,0.060562,0.021116
4.000000,0.027290,0.037894,0.053516,0.054786,-0.023309,0.005427,-0.065255,0.021840,0.068813,0.023988
5.000000,0.023208,0.026614,0.001522,0.019142,-0.012487,0.005261,-0.026914,0.007659,0.027983,0.009761
6.000000,0.003975,-0.002547,-0.066522,-0.087002,0.034828,0.006474,-0.076690,0.015053,0.078153,0.027238
7.000000,0.047083,0.060735,0.097872,0.107776,-0.040195,0.005193,-0.043997,0.016651,0.047042,0.016406
8.000000,0.071281,0.099884,0.091804,0.158795,-0.065563,0.012204,0.112557,-0.023933,0.115073,0.040058
9.000000,0.031539,0.047460,-0.044333,-0.016540,0.009983,0.013006,0.174260,-0.050337,0.181385,0.062934
10.000000,0.009505,0.017565,-0.120484,-0.184020,0.081811,0.019936,0.042045,-0.019205,0.046224,0.016121
11.000000,0.044499,0.055176,-0.050886,-0.113230,0.043217,0.024217,-0.118759,0.032049,0.123007,0.042806
12.000000,0.102547,0.122235,0.105221,0.115398,-0.056163,0.019203,-0.092617,0.032977,0.098313,0.034244
13.000000,0.105928,0.124143,0.048822,0.102116,-0.046208,0.020192,0.029622,-0.006677,0.030365,0.010592
14.000000,0.062790,0.056800,-0.102565,-0.121595,0.054630,0.019910,-0.005048,-0.007736,0.009237,0.003223
15.000000,0.079377,0.068258,-0.044534,-0.109568,0.047464,0.021830,-0.134398,0.033830,0.138590,0.048196
16.000000,0.159447,0.165506,0.170185,0.183730,-0.080939,0.019426,-0.060639,0.028059,0.066816,0.023293
17.000000,0.176711,0.188970,0.070247,0.174833,-0.073973,0.028103,0.140940,-0.034541,0.145111,0.050448
18.000000,0.127335,0.119710,-0.076978,-0.024321,0.022669,0.024341,0.204045,-0.062343,0.213357,0.073871
19.000000,0.117961,0.099698,-0.069409,-0.093103,0.050218,0.022105,0.128777,-0.038039,0.134278,0.046705
20.000000,0.125229,0.093071,-0.110688,-0.181445,0.071560,0.027500,-0.036268,0.006843,0.036908,0.012873
21.000000,0.160080,0.120203,-0.062282,-0.146835,0.045542,0.030042,-0.217231,0.057445,0.224698,0.077734
22.000000,0.213564,0.174348,0.118810,0.073661,-0.041138,0.021194,-0.233746,0.067410,0.243272,0.084037
23.000000,0.261354,0.233816,0.163164,0.198379,-0.085418,0.023753,-0.065148,0.023682,0.069319,0.024164
24.000000,0.267619,0.243035,0.060762,0.166129,-0.060380,0.027947,0.137305,-0.036100,0.141971,0.049364
25.000000,0.224360,0.170131,-0.083649,-0.026742,0.023901,0.021834,0.194899,-0.057639,0.203243,0.070419
26.000000,0.213515,0.139410,-0.116014,-0.157712,0.071593,0.022937,0.075559,-0.025240,0.079663,0.027763
27.000000,0.256689,0.179060,0.021240,-0.002289,-0.003138,0.016980,0.000770,0.004476,0.004542,0.001584
28.000000,0.256707,0.166633,-0.013765,-0.005228,-0.004843,0.010833,-0.003717,0.001143,0.003889,0.001357
29.000000,0.236477,0.131893,-0.081486,-0.123045,0.048872,0.010565,-0.088575,0.016766,0.090148,0.031408
30.000000,0.261828,0.159873,0.048025,-0.004169,0.003770,0.006873,-0.148026,0.040284,0.153410,0.053311
31.000000,0.307394,0.217309,0.138804,0.159733,-0.067980,0.006471,-0.042168,0.019181,0.046325,0.016156
32.000000,0.295511,0.198032,0.016197,0.086994,-0.037363,0.008591,0.090101,-0.023706,0.093167,0.032457
33.000000,0.257745,0.145177,-0.076485,-0.062848,0.031052,0.006404,0.087828,-0.029285,0.092582,0.032253
34.000000,0.255831,0.140356,-0.040985,-0.076432,0.035977,0.005945,0.007213,-0.003825,0.008164,0.002848
35.000000,0.275635,0.160953,0.027283,0.015699,-0.008646,0.002315,-0.017566,0.008261,0.019412,0.006772
36.000000,0.287297,0.177072,0.042791,0.080927,-0.037298,0.000710,0.044208,-0.008285,0.044978,0.015686
37.000000,0.248547,0.122566,-0.088418,-0.091706,0.036996,0.001332,0.019889,-0.011691,0.023071,0.008048
38.000000,0.245435,0.117807,-0.075768,-0.155316,0.066436,0.008172,-0.126621,0.027657,0.129606,0.045090
39.000000,0.302125,0.185887,0.127729,0.089880,-0.038441,0.004176,-0.137605,0.043789,0.144404,0.050204
40.000000,0.346812,0.245284,0.128859,0.203862,-0.089558,0.011150,0.041011,-0.002964,0.041118,0.014341
41.000000,0.307345,0.191027,-0.046410,0.043549,-0.013651,0.011859,0.164191,-0.048219,0.171125,0.059410
42.000000,0.276737,0.148491,-0.085907,-0.079112,0.042540,0.009114,0.130534,-0.040153,0.136570,0.047498
43.000000,0.276236,0.139628,-0.082635,-0.139168,0.059191,0.012219,0.000237,-0.002619,0.002630,0.000917
44.000000,0.295677,0.152754,-0.037525,-0.110152,0.037614,0.013010,-0.137665,0.036426,0.142403,0.049513
45.000000,0.338175,0.202546,0.110507,0.087077,-0.041707,0.006869,-0.129486,0.039518,0.135382,0.047087
46.000000,0.363611,0.238663,0.104397,0.164904,-0.069576,0.009296,0.021774,-0.001502,0.021826,0.007614
47.000000,0.312495,0.160159,-0.088075,-0.063144,0.030462,0.007620,0.055493,-0.022035,0.059708,0.020818
48.000000,0.306319,0.146065,-0.059462,-0.120936,0.055186,0.009158,-0.054932,0.010389,0.055906,0.019494
49.000000,0.357881,0.206239,0.112921,0.098695,-0.042580,0.004114,-0.044343,0.019897,0.048602,0.016949
50.000000,0.393381,0.255344,0.087914,0.198176,-0.086056,0.010313,0.133998,-0.028745,0.137046,0.047663
51.000000,0.332715,0.169647,-0.124551,-0.047243,0.024826,0.009065,0.193457,-0.059367,0.202361,0.070118
52.000000,0.320116,0.145973,-0.176482,-0.269898,0.120231,0.024231,-0.009563,-0.008867,0.013041,0.004550
53.000000,0.387659,0.201401,0.024999,-0.094075,0.029255,0.026285,-0.196435,0.057157,0.204582,0.070877
54.000000,0.445247,0.252911,0.156905,0.124699,-0.065540,0.016304,-0.154674,0.049905,0.162526,0.056452
55.000000,0.456786,0.261977,0.083091,0.140206,-0.060903,0.015180,-0.002347,0.001832,0.002977,0.001039
56.000000,0.430694,0.225667,-0.010097,0.057787,-0.015002,0.010085,0.101102,-0.030138,0.105498,0.036738
57.000000,0.405446,0.185459,-0.055097,-0.034917,0.021260,0.004626,0.104067,-0.029845,0.108262,0.037696
58.000000,0.392498,0.162380,-0.077213,-0.117190,0.047733,0.004532,0.009075,-0.005064,0.010392,0.003626
59.000000,0.409489,0.182877,0.010901,-0.029076,0.008576,0.001168,-0.064617,0.018472,0.067205,0.023429
60.000000,0.417248,0.193722,0.041243,0.037593,-0.018371,-0.003158,-0.052710,0.015650,0.054984,0.019173
61.000000,0.419827,0.204499,0.048137,0.083692,-0.034527,-0.004730,0.021058,-0.003685,0.021378,0.007458
62.000000,0.398169,0.181914,-0.012142,0.028299,-0.010489,-0.005822,0.078896,-0.021768,0.081844,0.028521
63.000000,0.370218,0.150093,-0.061922,-0.067533,0.029479,-0.005927,0.046568,-0.015861,0.049195,0.017156
64.000000,0.367348,0.152420,-0.024035,-0.057206,0.024558,-0.005653,-0.023170,0.005057,0.023715,0.008273
65.000000,0.362618,0.147099,-0.023634,-0.068672,0.026102,-0.005256,-0.095917,0.023796,0.098825,0.034421
66.000000,0.373318,0.165251,0.045542,0.013212,-0.006092,-0.007280,-0.118930,0.032346,0.123250,0.042890
67.000000,0.399496,0.210099,0.109765,0.138181,-0.057182,-0.005964,-0.019743,0.010402,0.022316,0.007785
68.000000,0.379840,0.189608,0.004502,0.067059,-0.027846,-0.003668,0.089345,-0.023815,0.092464,0.032213
69.000000,0.345893,0.150228,-0.061635,-0.045341,0.021813,-0.004376,0.089886,-0.027711,0.094061,0.032767
70.000000,0.342128,0.152296,-0.019161,-0.028803,0.014457,-0.005363,0.049561,-0.013169,0.051281,0.017883
71.000000,0.337965,0.150051,-0.018151,-0.022888,0.007205,-0.006451,0.020881,-0.004862,0.021440,0.007479
72.000000,0.334995,0.153007,-0.002401,0.002255,-0.003075,-0.007667,0.011882,-0.002782,0.012203,0.004257
73.000000,0.314605,0.130189,-0.047713,-0.068673,0.027310,-0.006719,-0.033358,0.005172,0.033757,0.011775
74.000000,0.307882,0.124305,-0.038782,-0.099614,0.042061,-0.003449,-0.132239,0.030993,0.135822,0.047240
75.000000,0.346977,0.180212,0.116765,0.093995,-0.037767,-0.005360,-0.114993,0.035820,0.120443,0.041918
76.000000,0.377941,0.228740,0.109640,0.181514,-0.077906,0.001706,0.050556,-0.006792,0.051010,0.017788
77.000000,0.326117,0.157293,-0.082191,-0.031846,0.015150,0.002352,0.113015,-0.036023,0.118617,0.041286
78.000000,0.309042,0.137967,-0.071448,-0.106683,0.050671,0.003649,0.026392,-0.011920,0.028959,0.010102
79.000000,0.327895,0.158552,0.013673,-0.021653,0.008785,0.001468,-0.037538,0.012578,0.039589,0.013808
80.000000,0.334482,0.163901,0.021414,0.021571,-0.014138,-0.001722,-0.032979,0.011017,0.034771,0.012128
81.000000,0.339533,0.177887,0.043257,0.078191,-0.033577,-0.002912,0.029709,-0.006084,0.030326,0.010578
82.000000,0.321880,0.161466,-0.004788,0.037667,-0.013830,-0.003375,0.091296,-0.024899,0.094630,0.032965
83.000000,0.297577,0.133997,-0.048708,-0.040172,0.018772,-0.003891,0.081703,-0.024035,0.085165,0.029676
84.000000,0.281251,0.114546,-0.087525,-0.139317,0.057637,0.000998,-0.030584,0.003380,0.030770,0.010733
85.000000,0.297081,0.133293,-0.021472,-0.094040,0.036018,0.003920,-0.158064,0.040739,0.163230,0.056694
86.000000,0.335079,0.181364,0.110953,0.085369,-0.038433,0.000296,-0.143809,0.043198,0.150157,0.052189
87.000000,0.332268,0.175254,0.049536,0.067778,-0.030714,0.000162,-0.058558,0.016241,0.060768,0.021188
88.000000,0.341997,0.199389,0.073477,0.128353,-0.049348,0.001270,0.059150,-0.013113,0.060586,0.021124
89.000000,0.339123,0.206069,0.026872,0.126732,-0.047350,0.004167,0.203474,-0.051398,0.209865,0.072681
90.000000,0.281759,0.123946,-0.175157,-0.175730,0.077034,0.008042,0.143254,-0.046951,0.150752,0.052395
91.000000,0.305654,0.152009,-0.099490,-0.197730,0.081561,0.020524,-0.070447,0.014486,0.071921,0.025070
92.000000,0.375455,0.225503,0.121151,0.086335,-0.043666,0.012834,-0.103344,0.036347,0.109549,0.038143
93.000000,0.384068,0.226576,0.051906,0.102533,-0.049330,0.010307,0.005776,0.000801,0.005831,0.002034
94.000000,0.342295,0.163723,-0.076273,-0.070372,0.032256,0.007042,0.005934,-0.009201,0.010949,0.003820
95.000000,0.347776,0.169149,0.010454,-0.026482,0.017466,0.003436,-0.044456,0.011212,0.045848,0.015990
96.000000,0.356197,0.172646,0.032154,0.015157,-0.007981,-0.000548,-0.046505,0.015327,0.048966,0.017076
97.000000,0.342856,0.150823,-0.017048,-0.032921,0.009093,-0.002671,-0.061654,0.014791,0.063403,0.022105
98.000000,0.372561,0.203113,0.102470,0.131711,-0.052379,-0.003593,0.011869,0.001492,0.011962,0.004173
99.000000,0.369547,0.207682,0.028281,0.120610,-0.048773,0.000365,0.153853,-0.038149,0.158512,0.055070
100.000000,0.313482,0.130437,-0.153546,-0.150995,0.065667,0.003340,0.107787,-0.037331,0.114069,0.039709
101.000000,0.327566,0.149096,-0.075216,-0.162681,0.069253,0.012037,-0.071101,0.015066,0.072680,0.025334
102.000000,0.372137,0.194619,0.075586,0.024795,-0.016089,0.006660,-0.129342,0.040010,0.135389,0.047090
103.000000,0.398647,0.226151,0.097013,0.129263,-0.059730,0.004795,-0.030633,0.013189,0.033352,0.011633
104.000000,0.358822,0.168107,-0.051764,-0.030899,0.013586,0.002744,0.008440,-0.008066,0.011675,0.004073
105.000000,0.365894,0.184792,0.040733,0.047747,-0.012335,-0.001446,0.026241,-0.005778,0.026870,0.009373
106.000000,0.377480,0.203236,0.045650,0.104970,-0.043078,-0.002014,0.118945,-0.026215,0.121800,0.042388
107.000000,0.330231,0.137527,-0.123938,-0.113478,0.044100,-0.000747,0.091104,-0.030154,0.095965,0.033428
108.000000,0.329722,0.140046,-0.124402,-0.230995,0.095506,0.013750,-0.115742,0.022102,0.117833,0.041014
109.000000,0.383086,0.193314,0.074966,-0.028745,0.006188,0.011780,-0.241170,0.067884,0.250542,0.086496
110.000000,0.495870,0.340630,0.272483,0.313984,-0.138501,0.019259,-0.042525,0.026698,0.050211,0.017510
111.000000,0.480945,0.312535,-0.017100,0.161336,-0.058506,0.028803,0.209563,-0.059540,0.217857,0.075405
112.000000,0.420786,0.206561,-0.190871,-0.140590,0.077657,0.022285,0.188064,-0.062188,0.198079,0.068654
113.000000,0.447400,0.209481,-0.124645,-0.232979,0.100286,0.032370,-0.033107,0.004578,0.033422,0.011658
114.000000,0.513088,0.253559,0.073606,-0.019080,-0.007450,0.022272,-0.152822,0.048384,0.160298,0.055685
115.000000,0.539574,0.270567,0.101966,0.096178,-0.050828,0.011417,-0.096165,0.029390,0.100556,0.035022
116.000000,0.521378,0.243768,0.022112,0.051744,-0.019269,0.004747,-0.016656,0.001497,0.016723,0.005834
117.000000,0.522302,0.252263,0.047890,0.101236,-0.034336,-0.000511,0.075256,-0.017967,0.077371,0.026966
118.000000,0.493785,0.213620,-0.044999,0.008528,-0.002804,-0.004272,0.127865,-0.034036,0.132317,0.046028
119.000000,0.461168,0.175423,-0.113510,-0.139066,0.056836,-0.002696,0.038368,-0.015968,0.041558,0.014494
120.000000,0.471136,0.194227,-0.019296,-0.087111,0.035807,-0.001587,-0.084408,0.020907,0.086959,0.030300
121.000000,0.491123,0.221904,0.071507,0.039745,-0.018611,-0.006532,-0.097980,0.029351,0.102282,0.035621
122.000000,0.494670,0.232785,0.062391,0.086354,-0.038274,-0.008301,-0.021477,0.008165,0.022977,0.008015
123.000000,0.462984,0.197232,-0.024135,-0.005221,0.002790,-0.009750,0.014960,-0.007180,0.016594,0.005789
124.000000,0.443365,0.180754,-0.021681,-0.042149,0.021079,-0.010740,-0.015872,0.001473,0.015940,0.005561
125.000000,0.464835,0.221247,0.076536,0.096181,-0.038318,-0.012290,0.029460,-0.002381,0.029556,0.010310
126.000000,0.441796,0.196918,-0.023846,0.029580,-0.016632,-0.011688,0.094101,-0.024431,0.097221,0.033865
127.000000,0.405117,0.160199,-0.090746,-0.098323,0.040741,-0.009863,0.041760,-0.016909,0.045053,0.015713
128.000000,0.403632,0.168972,-0.026683,-0.079704,0.035939,-0.007460,-0.057344,0.012815,0.058758,0.020488
129.000000,0.435422,0.217332,0.092685,0.092333,-0.038924,-0.009685,-0.032040,0.014584,0.035203,0.012279
130.000000,0.413637,0.190174,-0.013070,0.019654,-0.012944,-0.009577,0.023944,-0.006941,0.024930,0.008696
131.000000,0.377411,0.147770,-0.094843,-0.140525,0.059398,-0.005520,-0.061515,0.007973,0.062030,0.021627
132.000000,0.406366,0.192811,0.077855,0.026888,-0.006458,-0.007332,-0.108562,0.031381,0.113007,0.039341
133.000000,0.449452,0.256429,0.130509,0.183770,-0.078908,-0.003744,0.027534,0.001615,0.027581,0.009621
134.000000,0.402703,0.192297,-0.071938,-0.005464,0.000109,-0.002566,0.108958,-0.033180,0.113898,0.039650
135.000000,0.371866,0.156687,-0.112849,-0.159691,0.071620,0.001873,-0.000908,-0.008275,0.008325,0.002904
136.000000,0.418845,0.217554,0.090704,0.063153,-0.024116,-0.002088,-0.032311,0.014998,0.035622,0.012425
137.000000,0.423586,0.220738,0.032420,0.084208,-0.041316,-0.003179,0.053605,-0.010200,0.054567,0.019028
138.000000,0.389785,0.181028,-0.056982,-0.018576,0.006458,-0.004813,0.080193,-0.025227,0.084067,0.029294
139.000000,0.366394,0.157266,-0.071164,-0.104273,0.047420,-0.003244,0.001467,-0.005881,0.006061,0.002115
140.000000,0.372686,0.165319,-0.013590,-0.075576,0.032235,-0.002149,-0.097589,0.025131,0.100773,0.035098
141.000000,0.394678,0.193171,0.070654,0.043929,-0.021138,-0.005513,-0.103004,0.031102,0.107597,0.037466
142.000000,0.388240,0.185738,0.033058,0.038413,-0.019002,-0.006882,-0.056880,0.015221,0.058881,0.020530
143.000000,0.384482,0.191052,0.042855,0.066340,-0.025145,-0.007685,0.005553,-0.001040,0.005650,0.001971
144.000000,0.366787,0.173996,-0.000988,0.025415,-0.008480,-0.008179,0.053398,-0.014466,0.055323,0.019291
145.000000,0.352140,0.161751,-0.015169,0.001393,0.000123,-0.008960,0.066217,-0.017590,0.068513,0.023884
146.000000,0.347120,0.164725,0.000302,0.024559,-0.010603,-0.009722,0.083610,-0.020651,0.086123,0.030009
147.000000,0.327804,0.147217,-0.039232,-0.022113,0.007219,-0.009599,0.080289,-0.022207,0.083304,0.029029
148.000000,0.306749,0.127776,-0.075710,-0.105311,0.043175,-0.006312,-0.000784,-0.004274,0.004345,0.001516
149.000000,0.314038,0.143058,-0.010579,-0.057794,0.024541,-0.004785,-0.088434,0.022385,0.091223,0.031781
150.000000,0.318885,0.148259,0.017279,-0.020750,0.006706,-0.005815,-0.129292,0.034361,0.133780,0.046533
151.000000,0.319816,0.149979,0.034648,0.006877,-0.003811,-0.007102,-0.134476,0.035249,0.139019,0.048344
152.000000,0.354674,0.208741,0.131528,0.161424,-0.065195,-0.004408,-0.022534,0.011844,0.025457,0.008880
153.000000,0.329636,0.177528,-0.005767,0.053027,-0.021649,-0.001509,0.087814,-0.024144,0.091073,0.031729
154.000000,0.309710,0.158783,-0.022469,0.011746,-0.000967,-0.003113,0.120301,-0.033078,0.124766,0.043415
155.000000,0.306857,0.163029,-0.000248,0.039284,-0.014268,-0.004693,0.152325,-0.038071,0.157011,0.054552
156.000000,0.272628,0.119793,-0.114737,-0.124559,0.049190,-0.001789,0.086632,-0.027631,0.090932,0.031680
157.000000,0.278505,0.134691,-0.065092,-0.122931,0.050248,0.003450,-0.053552,0.010833,0.054637,0.019052
158.000000,0.290775,0.144684,-0.025071,-0.098120,0.036240,0.005232,-0.176091,0.045183,0.181795,0.063075
159.000000,0.312574,0.166068,0.064403,0.006867,-0.006656,0.001431,-0.216635,0.058808,0.224475,0.077658
160.000000,0.368490,0.247127,0.186022,0.206500,-0.087046,0.004877,-0.074003,0.027716,0.079023,0.027540
161.000000,0.390502,0.286050,0.078221,0.214872,-0.084411,0.017342,0.164816,-0.040486,0.169716,0.058926
162.000000,0.325539,0.186173,-0.142190,-0.065892,0.039126,0.014170,0.218962,-0.066734,0.228906,0.079164
163.000000,0.322210,0.167862,-0.160854,-0.241961,0.107875,0.025343,0.025574,-0.015108,0.029703,0.010361
164.000000,0.384434,0.217959,0.025557,-0.062142,0.015906,0.022649,-0.127579,0.039330,0.133504,0.046438
165.000000,0.448418,0.285941,0.152118,0.179288,-0.084771,0.016003,-0.035265,0.018654,0.039895,0.013915
166.000000,0.427733,0.250659,-0.010087,0.086341,-0.034303,0.014182,0.105478,-0.031137,0.109978,0.038291
167.000000,0.380660,0.174193,-0.144137,-0.164202,0.077749,0.013593,0.034867,-0.019986,0.040189,0.014017
168.000000,0.406413,0.188118,-0.031514,-0.141334,0.058800,0.017438,-0.135340,0.035269,0.139860,0.048635
169.000000,0.454338,0.229464,0.117823,0.053699,-0.031697,0.008580,-0.163952,0.050836,0.171652,0.059592
170.000000,0.499496,0.288185,0.143655,0.199352,-0.088811,0.009941,-0.004818,0.008106,0.009430,0.003290
171.000000,0.470265,0.250513,-0.020990,0.089658,-0.031227,0.009759,0.147332,-0.042542,0.153351,0.053291
172.000000,0.431221,0.195729,-0.090917,-0.047435,0.029538,0.004391,0.156523,-0.046353,0.163242,0.056699
173.000000,0.420231,0.176890,-0.089180,-0.125117,0.054159,0.004930,0.050286,-0.015958,0.052757,0.018397
174.000000,0.430323,0.184656,-0.044746,-0.113563,0.041384,0.005659,-0.083658,0.021293,0.086325,0.030079
175.000000,0.444779,0.198754,0.029414,-0.032823,0.008098,0.001115,-0.158045,0.042136,0.163565,0.056810
176.000000,0.469358,0.235155,0.116945,0.104826,-0.044091,-0.003147,-0.102531,0.030851,0.107072,0.037283
177.000000,0.484524,0.264539,0.088509,0.158805,-0.064900,-0.000229,0.052698,-0.009932,0.053626,0.018700
178.000000,0.447103,0.217736,-0.046692,0.032735,-0.010238,-0.001353,0.148179,-0.041799,0.153962,0.053501
179.000000,0.415738,0.180742,-0.086165,-0.075164,0.035213,-0.003104,0.112742,-0.033733,0.117680,0.040961
180.000000,0.405435,0.169228,-0.096855,-0.164417,0.067846,0.002718,-0.032347,0.003964,0.032589,0.011367
181.000000,0.429901,0.197051,0.015073,-0.063229,0.021678,0.002007,-0.150690,0.040901,0.156142,0.054253
182.000000,0.465903,0.245063,0.128558,0.115251,-0.051570,-0.002492,-0.102155,0.032742,0.107274,0.037353
183.000000,0.453669,0.230295,0.033614,0.073453,-0.031736,-0.002995,0.000621,-0.000440,0.000761,0.000266
184.000000,0.433810,0.211720,0.001265,0.039248,-0.011980,-0.005592,0.061042,-0.017513,0.063505,0.022140
185.000000,0.426506,0.210727,0.008152,0.055508,-0.019981,-0.007817,0.116691,-0.028909,0.120219,0.041840
186.000000,0.394281,0.172204,-0.077274,-0.057770,0.021895,-0.008296,0.103685,-0.029692,0.107853,0.037554
187.000000,0.377395,0.159580,-0.092559,-0.142615,0.058471,-0.003299,-0.018817,-0.000392,0.018821,0.006566
188.000000,0.388641,0.175266,-0.023809,-0.110284,0.043970,0.000503,-0.158726,0.039790,0.163637,0.056835
189.000000,0.426529,0.224199,0.124497,0.081383,-0.035879,-0.003953,-0.154862,0.046150,0.161592,0.056131
190.000000,0.461390,0.277482,0.130756,0.190283,-0.081614,0.001113,0.010789,0.003496,0.011341,0.003957
191.000000,0.436209,0.249592,-0.012738,0.098247,-0.036808,0.003690,0.164646,-0.045246,0.170750,0.059281
192.000000,0.389190,0.186296,-0.116901,-0.084797,0.042559,0.001404,0.152830,-0.046707,0.159808,0.055516
193.000000,0.383830,0.176933,-0.111106,-0.183246,0.078204,0.008658,-0.009407,-0.002429,0.009716,0.003389
194.000000,0.414476,0.204186,-0.002066,-0.094602,0.031796,0.009074,-0.157236,0.043035,0.163019,0.056622
195.000000,0.448554,0.241084,0.113968,0.074018,-0.037241,0.001794,-0.150779,0.044520,0.157214,0.054623
196.000000,0.463011,0.262843,0.098084,0.133498,-0.056701,0.001136,-0.026583,0.009780,0.028325,0.009881
197.000000,0.449773,0.251298,0.021504,0.100422,-0.037086,0.000743,0.102595,-0.027309,0.106167,0.036970
198.000000,0.414421,0.205016,-0.063151,-0.014498,0.010581,-0.002542,0.139289,-0.039560,0.144798,0.050340
199.000000,0.393203,0.179376,-0.085338,-0.103578,0.044287,-0.002307,0.062916,-0.019945,0.066002,0.023010
200.000000,0.406140,0.199907,0.000959,-0.018998,0.006096,-0.004791,0.002258,0.001189,0.002552,0.000890
201.000000,0.397782,0.190733,-0.015991,-0.023694,0.005824,-0.007283,-0.022440,0.005351,0.023069,0.008048
202.000000,0.377672,0.167012,-0.052164,-0.101044,0.040744,-0.005959,-0.101425,0.021578,0.103695,0.036112
203.000000,0.384307,0.177857,0.027839,-0.045839,0.021198,-0.006152,-0.179259,0.045828,0.185024,0.064183
204.000000,0.426517,0.239903,0.157094,0.145007,-0.059623,-0.006891,-0.102808,0.034153,0.108332,0.037721
205.000000,0.464261,0.301464,0.110625,0.228649,-0.095878,0.005295,0.117407,-0.024268,0.119889,0.041726
206.000000,0.408831,0.227488,-0.097721,0.025577,-0.003821,0.005648,0.240085,-0.069022,0.249810,0.086249
207.000000,0.373425,0.178238,-0.172536,-0.195334,0.090863,0.010374,0.119943,-0.040968,0.126747,0.044100
208.000000,0.407161,0.207035,-0.072767,-0.178873,0.070446,0.019304,-0.089918,0.022810,0.092766,0.032317
209.000000,0.457919,0.251833,0.094051,0.032162,-0.024584,0.009906,-0.150409,0.046235,0.157355,0.054671
210.000000,0.485879,0.283784,0.113429,0.145021,-0.065889,0.006132,-0.037660,0.014238,0.040262,0.014042
211.000000,0.445461,0.224457,-0.041329,-0.005850,0.006045,0.002120,0.025564,-0.012481,0.028448,0.009923
212.000000,0.437002,0.215465,0.002905,0.003164,0.005934,-0.003094,0.024928,-0.007270,0.025966,0.009058
213.000000,0.425778,0.197600,-0.015012,-0.025650,0.009780,-0.006241,0.009106,-0.001865,0.009295,0.003243
214.000000,0.408497,0.176005,-0.048522,-0.090613,0.034128,-0.006129,-0.063722,0.013544,0.065145,0.022712
215.000000,0.431540,0.216299,0.080561,0.064245,-0.025346,-0.009229,-0.062440,0.019536,0.065425,0.022809
216.000000,0.447456,0.247215,0.076281,0.141259,-0.059525,-0.006718,0.062341,-0.011534,0.063399,0.022104
217.000000,0.399986,0.186070,-0.081639,-0.035250,0.014415,-0.006541,0.104114,-0.032198,0.108979,0.037945
218.000000,0.386759,0.179627,-0.039137,-0.047727,0.023812,-0.007354,0.055783,-0.016951,0.058302,0.020328
219.000000,0.390293,0.189982,0.005518,0.006080,-0.002768,-0.009321,0.037883,-0.007805,0.038679,0.013491
220.000000,0.360524,0.150963,-0.105712,-0.153372,0.058787,-0.004746,-0.062400,0.010372,0.063256,0.022054
221.000000,0.377443,0.178336,0.015767,-0.064585,0.026948,-0.003075,-0.176823,0.045107,0.182486,0.063312
222.000000,0.431636,0.256154,0.176527,0.170698,-0.071105,-0.003825,-0.091592,0.032522,0.097195,0.033855
223.000000,0.441349,0.273405,0.062824,0.163289,-0.069308,0.003799,0.096911,-0.022339,0.099452,0.034639
224.000000,0.378041,0.181498,-0.142379,-0.117599,0.054185,0.003519,0.093221,-0.034542,0.099415,0.034626
225.000000,0.386036,0.190138,-0.039589,-0.102524,0.048237,0.005081,-0.030100,0.005815,0.030657,0.010694
226.000000,0.427014,0.235892,0.089597,0.081073,-0.037185,-0.000554,-0.022966,0.013592,0.026687,0.009309
227.000000,0.417897,0.221082,0.004411,0.056887,-0.030009,-0.002440,0.052890,-0.013032,0.054472,0.018994
228.000000,0.385547,0.184464,-0.056162,-0.035777,0.016539,-0.004615,0.055219,-0.019534,0.058572,0.020423
229.000000,0.375945,0.178495,-0.021435,-0.038710,0.020681,-0.006039,0.012622,-0.005053,0.013596,0.004743
230.000000,0.376073,0.180364,0.003341,-0.010866,0.003982,-0.007883,-0.012615,0.004688,0.013458,0.004695
231.000000,0.367067,0.171337,-0.009270,-0.020482,0.005327,-0.009076,-0.031467,0.007839,0.032429,0.011312
232.000000,0.355803,0.162598,-0.008818,-0.032431,0.013099,-0.009530,-0.062899,0.014369,0.064519,0.022494
233.000000,0.352024,0.163392,0.017281,-0.010516,0.006295,-0.010190,-0.085200,0.021543,0.087881,0.030620
234.000000,0.354113,0.171092,0.043124,0.031617,-0.011985,-0.010947,-0.068973,0.019420,0.071655,0.024977
235.000000,0.358564,0.184776,0.055437,0.077620,-0.032349,-0.010189,-0.002106,0.003175,0.003810,0.001329
236.000000,0.352234,0.186758,0.027457,0.080789,-0.033588,-0.008221,0.088324,-0.021626,0.090933,0.031681
237.000000,0.322845,0.156018,-0.042148,-0.004965,0.002903,-0.007847,0.122569,-0.034277,0.127272,0.044282
238.000000,0.306718,0.144561,-0.042471,-0.035993,0.016413,-0.007760,0.096215,-0.026672,0.099843,0.034775
239.000000,0.300814,0.144297,-0.029274,-0.030992,0.011949,-0.007730,0.058836,-0.015398,0.060818,0.021205
240.000000,0.287405,0.131657,-0.056240,-0.078901,0.029986,-0.006062,-0.008580,-0.000226,0.008583,0.002994
241.000000,0.281956,0.127696,-0.055967,-0.117066,0.046879,-0.001755,-0.123809,0.028467,0.127040,0.044202
242.000000,0.302744,0.154330,0.047712,-0.008683,0.003404,-0.002975,-0.183897,0.049428,0.190424,0.066033
243.000000,0.324237,0.182664,0.101611,0.090277,-0.038528,-0.004080,-0.127082,0.037291,0.132440,0.046070
244.000000,0.336767,0.205566,0.086965,0.131570,-0.054795,-0.000605,0.003271,0.002426,0.004072,0.001421
245.000000,0.320432,0.190572,0.012590,0.079470,-0.029685,0.000970,0.117536,-0.031342,0.121643,0.042334
246.000000,0.286724,0.147318,-0.065342,-0.043062,0.021801,-0.000225,0.125226,-0.036559,0.130453,0.045383
247.000000,0.284012,0.147831,-0.028844,-0.031835,0.015067,-0.001608,0.083835,-0.022019,0.086678,0.030202
248.000000,0.288673,0.157402,-0.001787,0.016405,-0.009006,-0.003679,0.080230,-0.018857,0.082416,0.028720
249.000000,0.260650,0.121121,-0.099673,-0.121854,0.046760,-0.001065,0.005829,-0.006910,0.009040,0.003154
250.000000,0.265808,0.130776,-0.057847,-0.133720,0.054967,0.004875,-0.140185,0.032569,0.143919,0.050037
251.000000,0.305015,0.177421,0.095430,0.048321,-0.021190,0.001241,-0.169305,0.049174,0.176302,0.061189
252.000000,0.358599,0.252399,0.159264,0.213814,-0.092141,0.007304,-0.002956,0.009597,0.010042,0.003503
253.000000,0.317823,0.192918,-0.044483,0.030259,-0.010204,0.008829,0.116125,-0.035316,0.121376,0.042241
254.000000,0.283850,0.141217,-0.122752,-0.163226,0.075286,0.011489,0.020198,-0.014184,0.024681,0.008610
255.000000,0.327175,0.187636,0.055603,0.014086,-0.004809,0.007436,-0.045870,0.017316,0.049030,0.017098
256.000000,0.332778,0.183798,0.022674,0.033320,-0.021111,0.003036,-0.016838,0.007358,0.018375,0.006410
257.000000,0.317784,0.164540,-0.013417,-0.001167,-0.001529,0.000034,-0.002148,-0.001780,0.002790,0.000973
258.000000,0.314211,0.166091,0.018050,0.026377,-0.006937,-0.002672,0.015068,-0.004390,0.015694,0.005475
259.000000,0.313099,0.168107,0.021091,0.047385,-0.018021,-0.004161,0.059204,-0.013573,0.060740,0.021178
260.000000,0.296427,0.148647,-0.024085,0.000162,-0.001629,-0.004944,0.081320,-0.021675,0.084159,0.029326
261.000000,0.273657,0.123114,-0.069851,-0.089937,0.036665,-0.003348,0.020857,-0.009661,0.022986,0.008018
262.000000,0.273640,0.126576,-0.041190,-0.094005,0.039404,-0.000471,-0.083966,0.019409,0.086180,0.030029
263.000000,0.289268,0.144768,0.027310,-0.014972,0.004693,-0.001932,-0.137542,0.037537,0.142572,0.049572
264.000000,0.304499,0.164743,0.071858,0.065409,-0.029103,-0.003594,-0.100393,0.029322,0.104587,0.036421
265.000000,0.333973,0.215583,0.112150,0.175685,-0.072309,0.001599,0.048064,-0.007204,0.048601,0.016949
266.000000,0.314953,0.198630,-0.000016,0.102012,-0.037973,0.005774,0.197641,-0.052536,0.204504,0.070850
267.000000,0.261839,0.122554,-0.175311,-0.193943,0.087425,0.010962,0.113702,-0.040416,0.120671,0.041997
268.000000,0.294126,0.154753,-0.084750,-0.192906,0.078402,0.023463,-0.104885,0.025088,0.107844,0.037551
269.000000,0.359517,0.217874,0.115453,0.065078,-0.037462,0.015126,-0.149537,0.048112,0.157086,0.054578
270.000000,0.386481,0.244374,0.099636,0.145073,-0.067347,0.013533,-0.021448,0.010056,0.023688,0.008264
271.000000,0.369633,0.223059,0.010110,0.090232,-0.031978,0.011703,0.106061,-0.030445,0.110344,0.038418
272.000000,0.330516,0.163211,-0.088072,-0.076154,0.039781,0.008197,0.096228,-0.031304,0.101192,0.035243
273.000000,0.326371,0.145298,-0.116657,-0.212646,0.088156,0.017372,-0.081276,0.015743,0.082787,0.028849
274.000000,0.388253,0.209081,0.103510,0.037509,-0.022867,0.011273,-0.153866,0.047881,0.161144,0.055976
275.000000,0.440642,0.274118,0.146443,0.203992,-0.091409,0.012763,0.000889,0.007881,0.007931,0.002767
276.000000,0.413856,0.237545,-0.020056,0.093292,-0.033598,0.013524,0.157492,-0.045128,0.163830,0.056901
277.000000,0.370769,0.173870,-0.110436,-0.083902,0.045567,0.009331,0.143626,-0.044980,0.150505,0.052309
278.000000,0.369181,0.159209,-0.128586,-0.223844,0.094579,0.019452,-0.045135,0.006022,0.045535,0.015881
279.000000,0.418950,0.200832,0.032576,-0.070209,0.018140,0.017388,-0.194951,0.055692,0.202750,0.070251
280.000000,0.472126,0.259803,0.164247,0.147742,-0.070434,0.010340,-0.127063,0.041362,0.133626,0.046480
281.000000,0.496247,0.295234,0.096974,0.196779,-0.080699,0.014880,0.073249,-0.016387,0.075060,0.026162
282.000000,0.442072,0.214265,-0.092844,-0.014513,0.016029,0.010072,0.154102,-0.047789,0.161342,0.056044
283.000000,0.423951,0.182595,-0.092524,-0.116375,0.055786,0.008222,0.068793,-0.022438,0.072360,0.025223
284.000000,0.435465,0.186926,-0.038195,-0.102986,0.039107,0.007522,-0.054130,0.014602,0.056065,0.019549
285.000000,0.462611,0.217852,0.063483,0.040809,-0.022847,0.000807,-0.074151,0.023686,0.077842,0.027130
286.000000,0.479539,0.246522,0.077101,0.133622,-0.057619,-0.000502,0.034667,-0.005403,0.035086,0.012238
287.000000,0.420811,0.161351,-0.134511,-0.144620,0.062084,0.000880,-0.000759,-0.009832,0.009861,0.003440
288.000000,0.437385,0.184097,0.010240,-0.068255,0.033019,0.001315,-0.113471,0.029255,0.117182,0.040788
289.000000,0.480559,0.238525,0.132449,0.121690,-0.053325,-0.002805,-0.063044,0.024927,0.067793,0.023633
290.000000,0.496876,0.266048,0.065686,0.167608,-0.073643,0.002151,0.105770,-0.023436,0.108335,0.037722
291.000000,0.441222,0.194819,-0.102980,-0.027681,0.015851,0.000334,0.164664,-0.050247,0.172160,0.059766
292.000000,0.416763,0.164569,-0.136461,-0.196557,0.088757,0.007528,0.019749,-0.013596,0.023977,0.008364
293.000000,0.452582,0.199327,0.007494,-0.084730,0.031468,0.008632,-0.127763,0.036343,0.132831,0.046205
294.000000,0.495418,0.248214,0.124458,0.110148,-0.053711,0.001951,-0.092473,0.031804,0.097789,0.034062
295.000000,0.499979,0.258213,0.058863,0.131704,-0.057378,0.002525,0.047078,-0.010694,0.048277,0.016836
296.000000,0.448378,0.188734,-0.089702,-0.061578,0.030899,-0.000145,0.066568,-0.025053,0.071126,0.024793
297.000000,0.439887,0.178909,-0.042444,-0.091507,0.043709,-0.000323,-0.023453,0.003408,0.023699,0.008267
298.000000,0.455269,0.195443,0.034475,-0.006855,0.000565,-0.004052,-0.070424,0.021819,0.073727,0.025698
299.000000,0.456710,0.199056,0.035624,0.032681,-0.018244,-0.007440,-0.051617,0.015271,0.053829,0.018770
300.000000,0.448255,0.197855,0.027774,0.047431,-0.019702,-0.009249,-0.004562,0.001002,0.004671,0.001630
301.000000,0.453403,0.220869,0.052798,0.114890,-0.044684,-0.008674,0.094838,-0.021887,0.097331,0.033903
302.000000,0.411319,0.169822,-0.076341,-0.035438,0.014494,-0.008516,0.124344,-0.035838,0.129406,0.045020
303.000000,0.394630,0.159686,-0.061641,-0.076519,0.033042,-0.007595,0.056586,-0.017649,0.059274,0.020667
304.000000,0.390579,0.161057,-0.038381,-0.077895,0.031282,-0.006308,-0.031185,0.006802,0.031918,0.011134
305.000000,0.381888,0.149042,-0.069538,-0.155429,0.059965,-0.000442,-0.171510,0.040313,0.176184,0.061149
306.000000,0.427853,0.213319,0.141276,0.081968,-0.034163,-0.004245,-0.188147,0.054471,0.195873,0.067899
307.000000,0.480604,0.292773,0.167820,0.230049,-0.097675,0.003924,0.004523,0.007346,0.008627,0.003010
308.000000,0.441683,0.240178,-0.042070,0.065630,-0.023252,0.006190,0.154846,-0.044668,0.161160,0.055982
309.000000,0.404039,0.189655,-0.096324,-0.071233,0.037885,0.002535,0.137019,-0.041687,0.143220,0.049795
310.000000,0.400582,0.182686,-0.064481,-0.100973,0.043744,0.002577,0.036063,-0.010964,0.037693,0.013147
311.000000,0.412533,0.195092,-0.007653,-0.040095,0.011816,-0.000575,-0.037551,0.011477,0.039266,0.013695
312.000000,0.411081,0.193625,0.005132,-0.013501,0.001446,-0.004391,-0.065142,0.016796,0.067272,0.023452
313.000000,0.406077,0.192076,0.023975,0.010538,-0.003759,-0.007353,-0.064364,0.016101,0.066347,0.023130
314.000000,0.398474,0.186776,0.025446,0.016880,-0.005126,-0.009294,-0.048258,0.012483,0.049846,0.017383
315.000000,0.395744,0.189751,0.035478,0.042910,-0.016755,-0.010472,-0.011622,0.004426,0.012436,0.004339
316.000000,0.398374,0.203834,0.043537,0.089109,-0.037054,-0.009801,0.068334,-0.014974,0.069955,0.024386
317.000000,0.361684,0.160399,-0.063491,-0.038693,0.014926,-0.009196,0.083663,-0.025388,0.087430,0.030463
318.000000,0.345645,0.149581,-0.055138,-0.082708,0.036342,-0.007284,0.010159,-0.006185,0.011894,0.004149
319.000000,0.353053,0.164669,0.007854,-0.020660,0.008891,-0.007822,-0.042039,0.012058,0.043734,0.015253
320.000000,0.358797,0.176422,0.033491,0.036489,-0.017450,-0.009199,-0.027048,0.009411,0.028638,0.009990
321.000000,0.344557,0.162985,-0.001245,0.009658,-0.005697,-0.009519,-0.003677,0.000052,0.003677,0.001283
322.000000,0.321130,0.136975,-0.043176,-0.069419,0.029906,-0.008208,-0.046056,0.007839,0.046718,0.016293
323.000000,0.332537,0.159280,0.042947,0.019433,-0.004905,-0.009133,-0.065205,0.018639,0.067817,0.023641
324.000000,0.353361,0.194014,0.081881,0.118508,-0.050210,-0.007491,0.023627,-0.000723,0.023638,0.008246
325.000000,0.328040,0.164975,-0.020881,0.031680,-0.015294,-0.005770,0.099900,-0.027353,0.103577,0.036071
326.000000,0.297836,0.132874,-0.067728,-0.069935,0.031415,-0.004982,0.067516,-0.022444,0.071149,0.024801
327.000000,0.296795,0.137443,-0.025569,-0.055057,0.025189,-0.004162,-0.001894,-0.000420,0.001940,0.000677
328.000000,0.307380,0.153389,0.020737,0.014385,-0.007803,-0.005748,-0.017660,0.007242,0.019087,0.006659
329.000000,0.290035,0.130118,-0.036646,-0.050524,0.016956,-0.005679,-0.045079,0.009458,0.046061,0.016064
330.000000,0.281368,0.122339,-0.028705,-0.075979,0.032081,-0.004072,-0.119712,0.027659,0.122866,0.042757
331.000000,0.324644,0.187946,0.131205,0.131049,-0.051447,-0.004700,-0.066505,0.023897,0.070668,0.024634
332.000000,0.346664,0.224698,0.082407,0.176214,-0.074531,0.003884,0.112405,-0.024027,0.114944,0.040013
333.000000,0.282547,0.131649,-0.146991,-0.127055,0.055716,0.005945,0.108138,-0.038266,0.114709,0.039931
334.000000,0.292537,0.145402,-0.052176,-0.116365,0.053697,0.009770,-0.028916,0.004579,0.029276,0.010212
335.000000,0.337463,0.195234,0.085442,0.074977,-0.034092,0.004606,-0.032216,0.015911,0.035931,0.012533
336.000000,0.335125,0.187192,0.016503,0.065264,-0.033339,0.003049,0.046427,-0.010532,0.047607,0.016602
337.000000,0.295560,0.132973,-0.096860,-0.109082,0.046140,0.003299,0.003218,-0.008800,0.009370,0.003269
338.000000,0.303628,0.143617,-0.013619,-0.074595,0.035379,0.004067,-0.097329,0.023717,0.100177,0.034891
339.000000,0.353388,0.207145,0.129309,0.134264,-0.056894,0.001446,-0.041283,0.019525,0.045667,0.015927
340.000000,0.335924,0.178506,-0.003914,0.047609,-0.024750,0.002059,0.052891,-0.014101,0.054738,0.019087
341.000000,0.307059,0.144165,-0.051450,-0.044695,0.021361,0.000271,0.044806,-0.016775,0.047843,0.016685
342.000000,0.301931,0.139883,-0.020234,-0.047164,0.023712,-0.000713,-0.007656,0.000514,0.007673,0.002677
343.000000,0.310796,0.150530,0.019221,0.007878,-0.004167,-0.003002,-0.024173,0.008767,0.025714,0.008970
344.000000,0.307868,0.147669,0.009555,0.016896,-0.010293,-0.004531,-0.009132,0.003294,0.009708,0.003387
345.000000,0.315388,0.168241,0.048195,0.086632,-0.035335,-0.004678,0.057108,-0.012693,0.058502,0.020398
346.000000,0.276772,0.117023,-0.078167,-0.076002,0.031685,-0.003361,0.045979,-0.017124,0.049064,0.017110
347.000000,0.268606,0.109139,-0.080392,-0.150149,0.063701,0.003466,-0.090023,0.018386,0.091881,0.032010
348.000000,0.324358,0.181979,0.123315,0.101090,-0.042660,0.000540,-0.091203,0.031642,0.096536,0.033627
349.000000,0.329540,0.186166,0.049611,0.100487,-0.046983,0.002459,0.023253,-0.003085,0.023457,0.008183
350.000000,0.294293,0.140506,-0.050351,-0.026812,0.012687,0.001302,0.051675,-0.018672,0.054945,0.019159
351.000000,0.294375,0.147702,0.012016,0.014629,0.000061,-0.001349,0.049083,-0.012803,0.050725,0.017689
352.000000,0.283044,0.130802,-0.025156,-0.025694,0.009695,-0.002586,0.038537,-0.009926,0.039795,0.013880
353.000000,0.270922,0.116333,-0.049659,-0.074808,0.028243,-0.001946,-0.023713,0.003780,0.024012,0.008377
354.000000,0.278761,0.131105,0.011299,-0.013751,0.005685,-0.003073,-0.067591,0.017793,0.069894,0.024364
355.000000,0.290492,0.150256,0.052440,0.060248,-0.024971,-0.004317,-0.033357,0.011458,0.035270,0.012302
356.000000,0.289865,0.154705,0.035840,0.074026,-0.031297,-0.003465,0.044409,-0.009768,0.045471,0.015858
357.000000,0.253695,0.106463,-0.073825,-0.080336,0.033426,-0.002118,0.024502,-0.011691,0.027148,0.009470
358.000000,0.253672,0.110610,-0.028842,-0.074627,0.033628,-0.000259,-0.062904,0.014266,0.064501,0.022487
359.000000,0.290227,0.161168,0.092258,0.096447,-0.040154,-0.001994,-0.032373,0.014789,0.035591,0.012414
360.000000,0.299505,0.177953,0.052538,0.124074,-0.054719,0.001892,0.095708,-0.021357,0.098062,0.034157
361.000000,0.249393,0.110200,-0.106321,-0.093703,0.040511,0.003094,0.089858,-0.031296,0.095152,0.033146
362.000000,0.247537,0.110223,-0.071411,-0.135934,0.061011,0.008495,-0.044868,0.007178,0.045439,0.015847
363.000000,0.280918,0.145576,0.043355,0.001774,-0.003355,0.005545,-0.106369,0.032428,0.111202,0.038716
364.000000,0.297488,0.162552,0.061277,0.073441,-0.036421,0.002931,-0.055893,0.018589,0.058903,0.020538
365.000000,0.284816,0.147542,0.013132,0.039288,-0.017091,0.001731,0.004591,-0.002491,0.005223,0.001822
366.000000,0.280008,0.148944,0.026316,0.054960,-0.017995,0.000050,0.059756,-0.015570,0.061751,0.021530
367.000000,0.266045,0.132693,-0.010374,0.015211,-0.004354,-0.001152,0.095410,-0.024889,0.098603,0.034344
368.000000,0.244668,0.105522,-0.063376,-0.074264,0.029878,-0.000641,0.052393,-0.016584,0.054955,0.019163
369.000000,0.241243,0.104180,-0.053934,-0.098111,0.039839,0.001917,-0.047972,0.009759,0.048955,0.017072
370.000000,0.256548,0.123704,0.013152,-0.021684,0.007513,0.000653,-0.107895,0.029335,0.111812,0.038927
371.000000,0.267686,0.137241,0.047141,0.040871,-0.018960,-0.001424,-0.090338,0.025890,0.093975,0.032737
372.000000,0.277179,0.154896,0.065326,0.093305,-0.038823,-0.000957,-0.008529,0.004824,0.009799,0.003418
373.000000,0.278120,0.165785,0.046691,0.108813,-0.042794,0.001472,0.107828,-0.026358,0.111003,0.038647
374.000000,0.234220,0.105691,-0.091596,-0.083217,0.036918,0.002348,0.101952,-0.032484,0.107002,0.037259
375.000000,0.234209,0.108929,-0.049855,-0.091525,0.040666,0.004474,0.001776,-0.002748,0.003272,0.001142
376.000000,0.259203,0.140021,0.037734,0.028140,-0.013640,0.001585,-0.021577,0.009746,0.023676,0.008259
377.000000,0.252111,0.128208,-0.005161,0.007619,-0.007850,-0.000101,-0.003386,0.001044,0.003543,0.001236
378.000000,0.230205,0.099454,-0.059696,-0.087076,0.035472,0.000797,-0.058492,0.010221,0.059378,0.020703
379.000000,0.246674,0.124234,0.038236,0.009229,-0.000503,-0.000876,-0.092551,0.025412,0.095976,0.033432
380.000000,0.255689,0.133946,0.047657,0.051348,-0.022453,-0.002003,-0.053674,0.017070,0.056323,0.019639
381.000000,0.261022,0.145725,0.049881,0.085241,-0.036475,-0.001141,0.027535,-0.004771,0.027945,0.009748
382.000000,0.256202,0.149389,0.029811,0.087766,-0.034372,0.000478,0.126045,-0.032010,0.130046,0.045242
383.000000,0.218095,0.100378,-0.078636,-0.068052,0.030719,0.001108,0.120670,-0.036369,0.126032,0.043853
384.000000,0.211387,0.095049,-0.074024,-0.119264,0.051456,0.005078,0.008822,-0.005855,0.010588,0.003694
385.000000,0.231813,0.119299,0.000283,-0.035069,0.011891,0.004218,-0.069873,0.020230,0.072743,0.025356
386.000000,0.238232,0.123751,0.013043,0.000741,-0.004988,0.001593,-0.085486,0.023520,0.088663,0.030892
387.000000,0.232241,0.114738,0.003711,-0.009533,0.002555,-0.000091,-0.091528,0.022577,0.094271,0.032840
388.000000,0.245589,0.137668,0.066268,0.072020,-0.026987,-0.001378,-0.047372,0.014657,0.049588,0.017293
389.000000,0.265165,0.172060,0.082818,0.143536,-0.057986,0.002364,0.082518,-0.016734,0.084198,0.029340
390.000000,0.233586,0.132100,-0.035642,0.019956,-0.006982,0.003378,0.162220,-0.044738,0.168276,0.058431
391.000000,0.201963,0.091882,-0.114325,-0.145774,0.064079,0.007169,0.072987,-0.026227,0.077556,0.027030
392.000000,0.218107,0.110321,-0.064289,-0.137681,0.056300,0.013478,-0.086771,0.020803,0.089230,0.031089
393.000000,0.241241,0.126913,-0.013768,-0.082257,0.025128,0.012829,-0.205065,0.055116,0.212343,0.073526
394.000000,0.301072,0.204299,0.169691,0.164946,-0.073760,0.010170,-0.131136,0.042710,0.137916,0.047963
395.000000,0.350981,0.280930,0.135561,0.257399,-0.104259,0.024332,0.117086,-0.025122,0.119751,0.041678
396.000000,0.292847,0.193196,-0.097744,0.009592,0.010412,0.022239,0.241286,-0.071756,0.251730,0.086898
397.000000,0.271501,0.150131,-0.133175,-0.152014,0.075624,0.021884,0.141979,-0.044423,0.148766,0.051710
398.000000,0.297197,0.162517,-0.088419,-0.170617,0.066751,0.026893,-0.042903,0.010283,0.044118,0.015387
399.000000,0.333924,0.187109,0.006591,-0.063534,0.013230,0.021014,-0.163580,0.045935,0.169907,0.058992
400.000000,0.358134,0.205343,0.082501,0.050018,-0.027726,0.012136,-0.158433,0.044320,0.164515,0.057137
401.000000,0.367528,0.213434,0.083758,0.092088,-0.037724,0.007883,-0.072920,0.020753,0.075816,0.026425
402.000000,0.363291,0.206344,0.043822,0.079592,-0.029441,0.005233,0.023230,-0.005343,0.023837,0.008315
403.000000,0.337227,0.166252,-0.034702,-0.021647,0.011133,0.002082,0.045418,-0.014360,0.047634,0.016612
404.000000,0.343199,0.177715,0.022829,0.038844,-0.013813,-0.001531,0.061520,-0.014187,0.063135,0.022011
405.000000,0.346682,0.187552,0.020675,0.080085,-0.034035,-0.002598,0.133448,-0.031914,0.137211,0.047719
406.000000,0.313265,0.147531,-0.074471,-0.035170,0.013349,-0.003201,0.146931,-0.041698,0.152733,0.053078
407.000000,0.291880,0.126724,-0.112738,-0.156132,0.066571,0.002520,0.025599,-0.013322,0.028858,0.010066
408.000000,0.307674,0.142947,-0.078348,-0.183378,0.072272,0.013128,-0.168972,0.040941,0.173861,0.060351
409.000000,0.349674,0.182043,0.072981,-0.018530,-0.000928,0.009192,-0.265505,0.073690,0.275542,0.094918
410.000000,0.420333,0.275020,0.223377,0.223138,-0.098806,0.010735,-0.122777,0.042244,0.129841,0.045171
411.000000,0.457584,0.331776,0.101882,0.250473,-0.098258,0.025244,0.147250,-0.035854,0.151552,0.052671
412.000000,0.393146,0.227877,-0.135302,-0.017130,0.023962,0.019483,0.250275,-0.075172,0.261321,0.090134
413.000000,0.381367,0.188512,-0.195119,-0.262179,0.120129,0.029116,0.065378,-0.027337,0.070863,0.024702
414.000000,0.449024,0.235118,-0.011341,-0.131417,0.042029,0.031162,-0.143187,0.042283,0.149300,0.051894
415.000000,0.524782,0.307377,0.176799,0.163545,-0.081910,0.018893,-0.092980,0.035025,0.099358,0.034607
416.000000,0.510438,0.275239,0.012010,0.088580,-0.037629,0.014300,0.042375,-0.013949,0.044612,0.015559
417.000000,0.468299,0.208642,-0.085227,-0.079368,0.042009,0.007836,0.029961,-0.015693,0.033822,0.011797
418.000000,0.476148,0.210625,0.008063,-0.036683,0.019740,0.002579,-0.031480,0.009426,0.032861,0.011462
419.000000,0.509311,0.251675,0.089772,0.115885,-0.052047,-0.002271,0.029504,-0.000202,0.029505,0.010292
420.000000,0.474259,0.204957,-0.057672,-0.006018,-0.002284,-0.004586,0.079203,-0.023907,0.082732,0.028830
421.000000,0.440892,0.167348,-0.120762,-0.177261,0.076821,0.000620,-0.042540,0.001622,0.042571,0.014847
422.000000,0.474267,0.210119,0.064112,-0.013315,0.007969,-0.001464,-0.133480,0.038101,0.138811,0.048272
423.000000,0.512410,0.260646,0.130469,0.145411,-0.065073,-0.003586,-0.041675,0.019026,0.045813,0.015977
424.000000,0.495848,0.243186,0.008555,0.090094,-0.040090,-0.002338,0.086227,-0.022952,0.089229,0.031089
425.000000,0.451376,0.190779,-0.081495,-0.052974,0.026742,-0.004668,0.092328,-0.030429,0.097213,0.033862
426.000000,0.438253,0.178877,-0.056511,-0.097680,0.044858,-0.003747,0.002152,-0.003580,0.004177,0.001457
427.000000,0.449389,0.193975,0.013955,-0.027052,0.009074,-0.006017,-0.061251,0.018233,0.063907,0.022280
428.000000,0.460079,0.213372,0.054752,0.060068,-0.028725,-0.009039,-0.033325,0.011909,0.035389,0.012344
429.000000,0.440990,0.195865,-0.000035,0.023518,-0.011091,-0.010222,0.010318,-0.004078,0.011095,0.003871
430.000000,0.426280,0.188929,0.003031,0.020130,-0.005477,-0.011620,0.034827,-0.010030,0.036243,0.012641
431.000000,0.412840,0.180739,-0.005665,0.009757,-0.003022,-0.012474,0.050832,-0.013048,0.052480,0.018301
432.000000,0.383075,0.146818,-0.082131,-0.116367,0.046572,-0.009204,-0.022973,0.001224,0.023006,0.008025
433.000000,0.388409,0.161590,-0.007966,-0.074505,0.031449,-0.006764,-0.127035,0.031594,0.130905,0.045539
434.000000,0.427686,0.221106,0.129948,0.122670,-0.050992,-0.008283,-0.078890,0.027275,0.083472,0.029087
435.000000,0.429738,0.230129,0.052392,0.122836,-0.053737,-0.004040,0.060501,-0.013098,0.061903,0.021582
436.000000,0.386636,0.177813,-0.065308,-0.023043,0.011930,-0.004674,0.101905,-0.031752,0.106737,0.037167
437.000000,0.380788,0.180659,-0.009191,0.004936,0.002951,-0.007041,0.094672,-0.024767,0.097858,0.034086
438.000000,0.365769,0.164246,-0.042300,-0.035346,0.012709,-0.007957,0.073296,-0.019270,0.075787,0.026415
439.000000,0.344749,0.141815,-0.103033,-0.155627,0.061126,-0.002381,-0.047605,0.006692,0.048073,0.016765
440.000000,0.366141,0.173561,0.021186,-0.047093,0.019116,-0.001883,-0.151251,0.039745,0.156386,0.054337
441.000000,0.383448,0.194701,0.081263,0.050570,-0.022421,-0.005210,-0.139044,0.039546,0.144558,0.050257
442.000000,0.388862,0.204998,0.073257,0.086390,-0.036815,-0.005524,-0.057509,0.017277,0.060048,0.020937
443.000000,0.386839,0.211403,0.050599,0.099893,-0.039548,-0.004397,0.049683,-0.011589,0.051017,0.017791
444.000000,0.368684,0.195315,-0.003965,0.058578,-0.021474,-0.004438,0.135399,-0.035575,0.139995,0.048681
445.000000,0.345570,0.171965,-0.043607,0.002512,0.000545,-0.005779,0.164389,-0.043944,0.170161,0.059079
446.000000,0.319374,0.144040,-0.096269,-0.104658,0.042968,-0.003887,0.095170,-0.028846,0.099446,0.034637
447.000000,0.316625,0.145523,-0.101387,-0.177513,0.071663,0.005077,-0.072247,0.013775,0.073548,0.025636
448.000000,0.345952,0.177122,0.014509,-0.071558,0.024676,0.005757,-0.202084,0.054024,0.209181,0.072447
449.000000,0.392627,0.235665,0.156703,0.132989,-0.059201,0.001901,-0.145161,0.045090,0.152003,0.052826
450.000000,0.410794,0.262688,0.097157,0.164240,-0.069249,0.006686,0.026815,-0.003658,0.027063,0.009441
451.000000,0.367189,0.200565,-0.057146,-0.003695,0.007183,0.004372,0.100186,-0.031786,0.105107,0.036602
452.000000,0.348779,0.173850,-0.058345,-0.074694,0.037012,0.002255,0.048101,-0.015977,0.050685,0.017675
453.000000,0.367807,0.196510,0.029548,0.026977,-0.011605,-0.001863,0.031654,-0.004274,0.031941,0.011142
454.000000,0.354553,0.177301,-0.027005,-0.010303,-0.001151,-0.004306,0.037271,-0.009999,0.038589,0.013459
455.000000,0.331588,0.151410,-0.070080,-0.099465,0.040348,-0.003230,-0.034379,0.003540,0.034561,0.012055
456.000000,0.350306,0.182333,0.050017,0.023162,-0.006261,-0.005579,-0.064845,0.018844,0.067528,0.023541
457.000000,0.371326,0.214320,0.080547,0.119504,-0.050810,-0.005090,0.026333,-0.001375,0.026369,0.009198
458.000000,0.336175,0.167332,-0.051120,-0.014905,0.003849,-0.004804,0.071656,-0.021992,0.074955,0.026125
459.000000,0.308301,0.133198,-0.116755,-0.182680,0.078085,0.002734,-0.057927,0.006502,0.058291,0.020325
460.000000,0.344730,0.176610,0.050115,-0.026011,0.011425,0.002436,-0.159805,0.044695,0.165938,0.057626
461.000000,0.411725,0.265656,0.179213,0.212949,-0.093256,0.004652,-0.028260,0.018479,0.033765,0.011778
462.000000,0.391091,0.236229,-0.007367,0.100549,-0.042210,0.009299,0.137570,-0.037952,0.142709,0.049619
463.000000,0.343525,0.170198,-0.113477,-0.091043,0.046515,0.006735,0.122477,-0.040576,0.129023,0.044888
464.000000,0.350678,0.175851,-0.033629,-0.066523,0.032606,0.005226,0.035393,-0.009607,0.036674,0.012792
465.000000,0.362490,0.183963,0.002147,-0.010589,-0.000238,0.000933,-0.002500,0.003601,0.004384,0.001529
466.000000,0.345145,0.157349,-0.058552,-0.089382,0.031010,-0.000144,-0.067426,0.013994,0.068863,0.024006
467.000000,0.346649,0.161054,-0.003667,-0.065648,0.027813,-0.000648,-0.152902,0.037249,0.157374,0.054677
468.000000,0.377965,0.204495,0.118061,0.093080,-0.036539,-0.003813,-0.120565,0.036483,0.125964,0.043830
469.000000,0.406524,0.248024,0.109234,0.174760,-0.074099,0.001456,0.040000,-0.004298,0.040230,0.014032
470.000000,0.370117,0.200745,-0.041437,0.037940,-0.013773,0.002127,0.146284,-0.041683,0.152107,0.052862
471.000000,0.335158,0.156067,-0.101733,-0.108408,0.050751,0.002152,0.090719,-0.030188,0.095610,0.033305
472.000000,0.352386,0.178926,0.001324,-0.019570,0.009726,-0.000149,0.027323,-0.004997,0.027776,0.009689
473.000000,0.354576,0.179940,-0.000560,0.010271,-0.009080,-0.003389,0.025235,-0.004527,0.025638,0.008943
474.000000,0.335629,0.157918,-0.043070,-0.045491,0.015794,-0.004676,-0.000579,-0.002818,0.002877,0.001004
475.000000,0.320056,0.140083,-0.061134,-0.119375,0.050399,-0.001476,-0.101892,0.021278,0.104090,0.036249
476.000000,0.334628,0.156227,0.023262,-0.051310,0.021862,-0.001299,-0.191680,0.050254,0.198158,0.068681
477.000000,0.408410,0.260958,0.208602,0.225663,-0.095807,0.001869,-0.063104,0.027926,0.069007,0.024056
478.000000,0.405947,0.259563,0.030929,0.152362,-0.063293,0.011354,0.143193,-0.036972,0.147889,0.051407
479.000000,0.351930,0.183580,-0.112953,-0.054621,0.032031,0.007881,0.176456,-0.054421,0.184657,0.064057
480.000000,0.341024,0.163046,-0.115440,-0.172376,0.078153,0.012795,0.035047,-0.014967,0.038109,0.013292
481.000000,0.370604,0.185122,-0.027530,-0.114159,0.040762,0.014313,-0.120903,0.033337,0.125415,0.043640
482.000000,0.424056,0.245679,0.132891,0.120428,-0.058011,0.007176,-0.092180,0.032121,0.097616,0.034002
483.000000,0.422404,0.240701,0.043039,0.106059,-0.046474,0.006539,0.034923,-0.008756,0.036004,0.012558
484.000000,0.386304,0.191838,-0.049700,-0.014409,0.011835,0.002612,0.074226,-0.024626,0.078204,0.027256
485.000000,0.374836,0.176210,-0.030348,-0.041926,0.022515,-0.000450,0.039270,-0.011749,0.040990,0.014296
486.000000,0.373246,0.171596,-0.015673,-0.036358,0.013341,-0.002869,-0.004598,0.001975,0.005004,0.001746
487.000000,0.362405,0.156784,-0.038966,-0.076884,0.027806,-0.003323,-0.073135,0.016814,0.075043,0.026156
488.000000,0.375083,0.179272,0.048742,0.021437,-0.008233,-0.006064,-0.094332,0.025807,0.097798,0.034065
489.000000,0.386668,0.200509,0.073411,0.093040,-0.038257,-0.006643,-0.021790,0.009065,0.023600,0.008233
490.000000,0.377211,0.194626,0.022727,0.075132,-0.031306,-0.005592,0.071877,-0.017806,0.074050,0.025811
491.000000,0.348365,0.162903,-0.040381,-0.009472,0.005340,-0.006265,0.100375,-0.028810,0.104428,0.036366
492.000000,0.324796,0.137324,-0.077768,-0.106302,0.045731,-0.003878,0.024468,-0.010833,0.026759,0.009334
493.000000,0.329347,0.145626,-0.034697,-0.093687,0.038191,-0.001111,-0.087670,0.021554,0.090281,0.031454
494.000000,0.355713,0.180731,0.070307,0.046212,-0.021469,-0.004136,-0.099873,0.030237,0.104350,0.036339
495.000000,0.393732,0.241010,0.120376,0.189037,-0.080477,0.000755,0.048666,-0.005883,0.049020,0.017095
496.000000,0.352107,0.187276,-0.053189,0.027965,-0.009401,0.002338,0.154851,-0.044747,0.161187,0.055991
497.000000,0.315114,0.137468,-0.144164,-0.186565,0.084060,0.008035,0.042130,-0.020514,0.046859,0.016342
498.000000,0.345273,0.166284,-0.032712,-0.130976,0.052463,0.013901,-0.131655,0.034737,0.136161,0.047356
499.000000,0.392409,0.213717,0.110816,0.069631,-0.037222,0.006823,-0.144840,0.045336,0.151769,0.052746
500.000000,0.416685,0.244619,0.102504,0.150467,-0.067340,0.007237,-0.011177,0.007167,0.013277,0.004632
501.000000,0.395274,0.220005,0.001642,0.081519,-0.028827,0.006512,0.113068,-0.032152,0.117551,0.040916
502.000000,0.357603,0.166776,-0.082394,-0.065738,0.034326,0.003576,0.106320,-0.033108,0.111356,0.038769
503.000000,0.351336,0.154464,-0.073465,-0.126719,0.054016,0.005749,-0.009307,-0.000369,0.009314,0.003249
504.000000,0.367015,0.167638,-0.011768,-0.077576,0.026900,0.005020,-0.119855,0.032150,0.124092,0.043182
505.000000,0.416237,0.234534,0.138254,0.147195,-0.064727,0.001702,-0.056387,0.022277,0.060628,0.021139
506.000000,0.414650,0.235849,0.038210,0.127423,-0.053545,0.004973,0.097258,-0.024373,0.100265,0.034922
507.000000,0.358461,0.154823,-0.135824,-0.131698,0.060242,0.005289,0.067448,-0.027460,0.072824,0.025384
508.000000,0.372462,0.169839,-0.025962,-0.093809,0.043152,0.006774,-0.056487,0.013836,0.058157,0.020278
509.000000,0.415236,0.218523,0.099651,0.093143,-0.042822,0.001446,-0.037102,0.017574,0.041054,0.014319
510.000000,0.420012,0.225481,0.038106,0.113940,-0.052408,0.002064,0.082602,-0.019029,0.084766,0.029537
511.000000,0.365994,0.151464,-0.129287,-0.125035,0.054746,0.002631,0.051137,-0.023167,0.056140,0.019576
512.000000,0.371408,0.156008,-0.067273,-0.164734,0.072376,0.010311,-0.116898,0.026010,0.119757,0.041680
513.000000,0.419744,0.205261,0.107407,0.040067,-0.021126,0.004667,-0.165786,0.050621,0.173342,0.060172
514.000000,0.458382,0.253826,0.131947,0.168433,-0.076935,0.005248,-0.033619,0.015946,0.037209,0.012978
515.000000,0.442267,0.237322,0.012471,0.108617,-0.042670,0.006894,0.117137,-0.032425,0.121542,0.042299
516.000000,0.403838,0.188389,-0.067077,-0.012295,0.013691,0.002712,0.158878,-0.046341,0.165498,0.057475
517.000000,0.386994,0.165760,-0.073764,-0.080745,0.037301,0.001148,0.098680,-0.028093,0.102601,0.035732
518.000000,0.384899,0.162201,-0.065395,-0.109317,0.041989,0.002220,-0.012133,0.001665,0.012247,0.004272
519.000000,0.394946,0.175116,-0.006784,-0.054794,0.018294,0.000280,-0.099434,0.025945,0.102763,0.035788
520.000000,0.398401,0.178870,0.028769,-0.010497,0.002345,-0.003301,-0.131851,0.034405,0.136266,0.047393
521.000000,0.417865,0.211389,0.100206,0.102296,-0.041159,-0.005356,-0.067823,0.021447,0.071133,0.024796
522.000000,0.412951,0.210219,0.042832,0.090690,-0.037385,-0.004275,0.040526,-0.009007,0.041515,0.014479
523.000000,0.369444,0.151570,-0.085455,-0.090236,0.038739,-0.003821,0.021729,-0.011901,0.024775,0.008642
524.000000,0.383003,0.177241,0.031948,0.010802,-0.000582,-0.006044,-0.012758,0.005003,0.013704,0.004781
525.000000,0.401657,0.207221,0.062992,0.107265,-0.046463,-0.006405,0.064519,-0.011353,0.065510,0.022839
526.000000,0.367218,0.164857,-0.059201,-0.013175,0.002184,-0.006282,0.105448,-0.030435,0.109752,0.038213
527.000000,0.346200,0.148509,-0.058518,-0.066725,0.030270,-0.005925,0.054524,-0.018310,0.057516,0.020055
528.000000,0.340037,0.145004,-0.043358,-0.085842,0.036763,-0.004012,-0.034095,0.006876,0.034781,0.012132
529.000000,0.345448,0.152077,-0.006094,-0.053638,0.019871,-0.004069,-0.109943,0.028840,0.113663,0.039569
530.000000,0.353501,0.163588,0.041181,0.008926,-0.005716,-0.006230,-0.128877,0.034785,0.133489,0.046433
531.000000,0.372940,0.197634,0.097997,0.113097,-0.046496,-0.006066,-0.048584,0.016532,0.051320,0.017896
532.000000,0.371435,0.204554,0.047199,0.112562,-0.045736,-0.002768,0.079476,-0.018896,0.081691,0.028468
533.000000,0.334640,0.159471,-0.054812,-0.014731,0.008619,-0.003212,0.121678,-0.035377,0.126716,0.044090
534.000000,0.312600,0.134699,-0.082209,-0.112126,0.049222,-0.000888,0.039373,-0.014816,0.042068,0.014672
535.000000,0.322491,0.148369,-0.022764,-0.072368,0.028991,0.000213,-0.061137,0.015992,0.063194,0.022032
536.000000,0.358166,0.197794,0.091393,0.102703,-0.045558,-0.002431,-0.025357,0.012845,0.028425,0.009915
537.000000,0.334237,0.164684,-0.021218,0.012089,-0.008456,-0.002749,0.030334,-0.009872,0.031900,0.011127
538.000000,0.313935,0.144128,-0.032957,-0.039452,0.019474,-0.003786,0.009366,-0.006166,0.011213,0.003912
539.000000,0.320098,0.157606,0.026708,0.021827,-0.005814,-0.005650,0.005807,0.000157,0.005809,0.002027
540.000000,0.300415,0.128868,-0.045863,-0.063327,0.023168,-0.005276,-0.026786,0.005066,0.027261,0.009509
541.000000,0.297823,0.129708,-0.016795,-0.056901,0.022943,-0.004625,-0.094465,0.022728,0.097161,0.033844
542.000000,0.319323,0.163710,0.076867,0.067318,-0.026579,-0.006198,-0.075483,0.023135,0.078949,0.027515
543.000000,0.341942,0.202718,0.090190,0.152727,-0.063999,-0.001745,0.058459,-0.009921,0.059295,0.020674
544.000000,0.315122,0.173473,-0.020456,0.059173,-0.023208,0.000637,0.168910,-0.045718,0.174988,0.060738
545.000000,0.271257,0.116457,-0.140430,-0.164534,0.072998,0.005151,0.085259,-0.031144,0.090769,0.031624
546.000000,0.291241,0.139327,-0.068349,-0.158337,0.065490,0.013939,-0.096854,0.023120,0.099575,0.034682
547.000000,0.343374,0.195077,0.098731,0.061640,-0.032509,0.007957,-0.128156,0.041064,0.134574,0.046808
548.000000,0.357989,0.209341,0.074041,0.110350,-0.051875,0.006676,-0.025120,0.009885,0.026995,0.009417
549.000000,0.339309,0.187707,0.006784,0.057806,-0.020787,0.004899,0.064779,-0.019333,0.067602,0.023567
550.000000,0.314645,0.155325,-0.036361,-0.021656,0.014837,0.001921,0.076823,-0.023105,0.080222,0.027958
551.000000,0.300039,0.132592,-0.063385,-0.098816,0.042001,0.002520,0.000273,-0.002781,0.002794,0.000975
552.000000,0.305743,0.136373,-0.033942,-0.093950,0.035545,0.003759,-0.108481,0.027361,0.111878,0.038950
553.000000,0.349879,0.196548,0.118469,0.115055,-0.049935,0.000545,-0.074248,0.025966,0.078657,0.027413
554.000000,0.358052,0.211088,0.060193,0.132316,-0.056714,0.004016,0.067938,-0.014992,0.069572,0.024253
555.000000,0.306919,0.138633,-0.103831,-0.089483,0.040573,0.003860,0.068808,-0.025952,0.073539,0.025633
556.000000,0.319465,0.158769,0.011301,-0.008548,0.009365,0.001188,0.021563,-0.004797,0.022090,0.007706
557.000000,0.327688,0.166955,0.022659,0.038655,-0.018402,-0.001713,0.043630,-0.007802,0.044322,0.015458
558.000000,0.302413,0.132627,-0.063607,-0.063906,0.022055,-0.002233,0.018519,-0.008225,0.020263,0.007069
559.000000,0.295985,0.130219,-0.035987,-0.075670,0.032688,-0.001312,-0.061962,0.012730,0.063256,0.022054
560.000000,0.305920,0.143254,0.023246,-0.013734,0.006745,-0.002825,-0.106260,0.028688,0.110064,0.038321
561.000000,0.322854,0.166795,0.071424,0.073988,-0.031950,-0.004245,-0.062769,0.020320,0.065976,0.023001
562.000000,0.320823,0.168473,0.040578,0.077367,-0.033493,-0.003245,0.023577,-0.004660,0.024033,0.008384
563.000000,0.291959,0.133573,-0.035313,-0.021078,0.010203,-0.003506,0.045172,-0.015253,0.047678,0.016627
564.000000,0.285453,0.131269,-0.008697,-0.016268,0.010146,-0.004434,0.024471,-0.007170,0.025500,0.008895
565.000000,0.302138,0.159994,0.050222,0.080940,-0.033231,-0.005146,0.071564,-0.014227,0.072964,0.025433
566.000000,0.276352,0.127869,-0.044672,-0.013258,0.002011,-0.004678,0.100191,-0.027730,0.103958,0.036203
567.000000,0.255758,0.109012,-0.067768,-0.086562,0.036698,-0.002824,0.035779,-0.013846,0.038365,0.013381
568.000000,0.253131,0.108127,-0.060901,-0.120123,0.050295,0.001932,-0.085005,0.018880,0.087076,0.030340
569.000000,0.268241,0.122373,-0.008663,-0.074426,0.027206,0.003171,-0.190471,0.049956,0.196913,0.068255
570.000000,0.312660,0.181409,0.137655,0.122986,-0.053805,0.001066,-0.141669,0.043671,0.148247,0.051531
571.000000,0.333984,0.215434,0.101569,0.166365,-0.070357,0.007429,0.027189,-0.003025,0.027357,0.009543
572.000000,0.307356,0.184484,-0.010109,0.068830,-0.022585,0.008183,0.150144,-0.042049,0.155921,0.054177
573.000000,0.276641,0.143014,-0.067118,-0.044494,0.025448,0.005397,0.151650,-0.043578,0.157787,0.054820
574.000000,0.270185,0.133023,-0.061073,-0.080853,0.034937,0.004964,0.076397,-0.021441,0.079349,0.027654
575.000000,0.276335,0.139710,-0.032802,-0.055064,0.019290,0.003544,0.001919,-0.000287,0.001940,0.000677
576.000000,0.269777,0.128178,-0.057537,-0.100609,0.037023,0.004082,-0.091083,0.020715,0.093409,0.032541
577.000000,0.280533,0.139786,0.007324,-0.048411,0.018704,0.002834,-0.170038,0.043618,0.175543,0.060929
578.000000,0.323215,0.198594,0.140646,0.137647,-0.056898,0.001254,-0.099444,0.032683,0.104677,0.036453
579.000000,0.318771,0.191231,0.043205,0.093555,-0.040217,0.003781,0.027218,-0.005818,0.027833,0.009709
580.000000,0.300032,0.170820,-0.002423,0.044750,-0.014661,0.002258,0.100532,-0.027928,0.104339,0.036335
581.000000,0.279379,0.145470,-0.036021,-0.018120,0.011196,0.000166,0.108944,-0.030367,0.113097,0.039373
582.000000,0.265849,0.128449,-0.057515,-0.073182,0.030477,0.000160,0.051241,-0.015429,0.053513,0.018661
583.000000,0.269247,0.134915,-0.024104,-0.047705,0.018009,-0.000436,-0.014710,0.003614,0.015147,0.005284
584.000000,0.268921,0.134509,-0.012874,-0.035263,0.012123,-0.001658,-0.060503,0.015260,0.062398,0.021755
585.000000,0.276205,0.146956,0.032918,0.025067,-0.010552,-0.003600,-0.059938,0.016767,0.062239,0.021700
586.000000,0.271295,0.141758,0.019755,0.023776,-0.010008,-0.004480,-0.032362,0.008732,0.033519,0.011692
587.000000,0.260146,0.129098,-0.000118,-0.002116,0.001426,-0.005021,-0.022837,0.004992,0.023376,0.008155
588.000000,0.274625,0.157199,0.062515,0.088684,-0.034628,-0.005040,0.035982,-0.006005,0.036480,0.012724
589.000000,0.254028,0.132028,-0.018379,0.014498,-0.007185,-0.004196,0.086835,-0.023334,0.089915,0.031327
590.000000,0.223738,0.094089,-0.104933,-0.142803,0.059454,0.000635,-0.002633,-0.006045,0.006594,0.002300
591.000000,0.250732,0.132637,0.027534,-0.011818,0.006468,0.000339,-0.076617,0.022037,0.079723,0.027784
592.000000,0.258023,0.137920,0.029181,0.025099,-0.013935,-0.001623,-0.065151,0.019453,0.067993,0.023703
593.000000,0.274455,0.166969,0.072583,0.112036,-0.047311,-0.000801,0.021973,-0.002233,0.022086,0.007705
594.000000,0.274360,0.178500,0.040998,0.122467,-0.048107,0.003006,0.156065,-0.039197,0.160912,0.055896
595.000000,0.222274,0.106571,-0.125879,-0.119690,0.053736,0.005022,0.131772,-0.042235,0.138375,0.048122
596.000000,0.229385,0.112169,-0.147166,-0.261486,0.108353,0.023707,-0.098305,0.018039,0.099946,0.034811
597.000000,0.298250,0.177873,0.065857,-0.027869,0.000066,0.021409,-0.236762,0.068827,0.246563,0.085151
598.000000,0.366899,0.255898,0.192549,0.201720,-0.094602,0.019423,-0.112501,0.039805,0.119335,0.041534
599.000000,0.362848,0.245517,0.044785,0.133018,-0.052703,0.022145,0.070109,-0.019935,0.072888,0.025406
600.000000,0.332756,0.199740,-0.035367,0.030227,0.000099,0.015573,0.151260,-0.044248,0.157599,0.054755
601.000000,0.314541,0.164299,-0.065296,-0.056002,0.029861,0.010503,0.126953,-0.035482,0.131818,0.045855
602.000000,0.311332,0.151698,-0.070767,-0.102087,0.040083,0.009371,0.032187,-0.009956,0.033692,0.011752
603.000000,0.327951,0.170273,0.001453,-0.019045,0.003908,0.005150,-0.027806,0.008638,0.029117,0.010157
604.000000,0.317415,0.151032,-0.034260,-0.062001,0.021952,0.002599,-0.078200,0.017913,0.080225,0.027959
605.000000,0.311525,0.138327,-0.032984,-0.100974,0.040702,0.003335,-0.174597,0.041977,0.179572,0.062312
606.000000,0.368880,0.217853,0.172751,0.153324,-0.062292,0.000885,-0.117705,0.038941,0.123979,0.043143
607.000000,0.411991,0.281426,0.119228,0.231126,-0.096819,0.013020,0.107938,-0.021412,0.110041,0.038313
608.000000,0.349324,0.188268,-0.118839,-0.033219,0.020962,0.011665,0.191976,-0.058836,0.200790,0.069581
609.000000,0.332590,0.159400,-0.131989,-0.183384,0.085234,0.016354,0.052849,-0.021775,0.057159,0.019931
610.000000,0.383994,0.209172,0.048865,0.011492,-0.007818,0.010830,-0.024394,0.012892,0.027591,0.009625
611.000000,0.383294,0.195846,-0.001440,0.010699,-0.013372,0.004663,-0.011740,0.004369,0.012527,0.004370
612.000000,0.369564,0.179743,-0.013816,-0.008313,0.002895,0.000351,-0.012307,0.000300,0.012311,0.004295
613.000000,0.351963,0.155814,-0.033594,-0.068775,0.031535,-0.000954,-0.062432,0.012524,0.063676,0.022200
614.000000,0.349966,0.147995,-0.015972,-0.085001,0.035441,-0.000351,-0.151407,0.037988,0.156100,0.054238
615.000000,0.399022,0.215737,0.150192,0.136542,-0.057742,-0.002553,-0.098592,0.033646,0.104175,0.036278
616.000000,0.433432,0.270342,0.105214,0.213375,-0.090358,0.007714,0.107581,-0.022225,0.109853,0.038248
617.000000,0.378425,0.196235,-0.093404,0.005975,0.004251,0.007256,0.209955,-0.061714,0.218837,0.075739
618.000000,0.349417,0.155775,-0.139426,-0.167944,0.078853,0.010506,0.099209,-0.033970,0.104864,0.036517
619.000000,0.379059,0.183446,-0.025969,-0.088781,0.034671,0.011151,-0.038168,0.011938,0.039991,0.013948
620.000000,0.392225,0.188582,0.004382,-0.036287,0.006036,0.005622,-0.103345,0.028855,0.107298,0.037362
621.000000,0.404268,0.204601,0.061347,0.052402,-0.024418,0.000216,-0.084686,0.023644,0.087925,0.030635
622.000000,0.401974,0.205185,0.048405,0.070114,-0.027332,-0.002219,-0.013234,0.004122,0.013861,0.004836
623.000000,0.373859,0.166584,-0.031764,-0.031174,0.014745,-0.003990,-0.001816,-0.002600,0.003171,0.001106
624.000000,0.369833,0.165095,0.004818,-0.015411,0.008658,-0.005933,-0.026660,0.006733,0.027497,0.009592
625.000000,0.385863,0.192719,0.062479,0.083276,-0.034724,-0.007362,0.022321,-0.001521,0.022373,0.007805
626.000000,0.368050,0.174012,-0.011385,0.034609,-0.016989,-0.007122,0.084279,-0.022106,0.087130,0.030359
627.000000,0.333463,0.134528,-0.088166,-0.101853,0.042976,-0.005181,0.031761,-0.014305,0.034834,0.012150
628.000000,0.335701,0.143238,-0.029916,-0.086363,0.038185,-0.002454,-0.073443,0.017163,0.075422,0.026288
629.000000,0.377375,0.201477,0.109038,0.111766,-0.047446,-0.004564,-0.038052,0.017219,0.041767,0.014567
630.000000,0.373645,0.199104,0.027550,0.094715,-0.043595,-0.002032,0.077421,-0.018285,0.079551,0.027724
631.000000,0.327299,0.139708,-0.098773,-0.092123,0.040152,-0.001375,0.059211,-0.023054,0.063541,0.022153
632.000000,0.328187,0.145634,-0.030752,-0.080455,0.038331,0.000190,-0.037535,0.007570,0.038291,0.013355
633.000000,0.352445,0.175147,0.055947,0.040015,-0.018035,-0.002977,-0.047802,0.017337,0.050849,0.017732
634.000000,0.335603,0.148703,-0.021701,-0.025607,0.004963,-0.004344,-0.046549,0.010870,0.047801,0.016670
635.000000,0.328208,0.145466,0.003278,-0.018125,0.008798,-0.005656,-0.070673,0.016285,0.072525,0.025280
636.000000,0.345890,0.177652,0.079166,0.089890,-0.033840,-0.006619,-0.018526,0.008454,0.020364,0.007104
637.000000,0.346441,0.184291,0.038462,0.097807,-0.041426,-0.004218,0.088946,-0.020236,0.091219,0.031780
638.000000,0.311538,0.142371,-0.058049,-0.023894,0.009741,-0.004108,0.118198,-0.034293,0.123072,0.042829
639.000000,0.288267,0.117640,-0.098482,-0.143010,0.061725,0.000857,0.010894,-0.009046,0.014160,0.004940
640.000000,0.316555,0.155942,0.029763,-0.006866,0.003084,-0.000338,-0.059853,0.018673,0.062698,0.021860
641.000000,0.325673,0.165753,0.037025,0.045790,-0.023487,-0.002703,-0.032147,0.011478,0.034135,0.011906
642.000000,0.303643,0.136717,-0.029136,-0.030764,0.010453,-0.003570,-0.031690,0.005152,0.032106,0.011199
643.000000,0.309706,0.153936,0.041907,0.040883,-0.012839,-0.005379,-0.018397,0.005581,0.019225,0.006707
644.000000,0.313346,0.163801,0.040930,0.073744,-0.029740,-0.005223,0.050216,-0.010190,0.051239,0.017868
645.000000,0.282067,0.122460,-0.059992,-0.052316,0.019769,-0.004571,0.049116,-0.016137,0.051699,0.018028
646.000000,0.270385,0.112768,-0.057663,-0.102282,0.043531,-0.001512,-0.043933,0.007366,0.044546,0.015536
647.000000,0.287144,0.135896,0.025103,-0.012650,0.005665,-0.002435,-0.099786,0.027673,0.103552,0.036062
648.000000,0.315058,0.176119,0.092817,0.114325,-0.049407,-0.002594,-0.028548,0.013125,0.031421,0.010960
649.000000,0.298316,0.156282,0.005202,0.051677,-0.023183,-0.001161,0.059154,-0.016055,0.061294,0.021371
650.000000,0.276333,0.134158,-0.023895,-0.004166,0.005122,-0.002253,0.080265,-0.023646,0.083676,0.029158
651.000000,0.267348,0.127343,-0.016972,-0.014394,0.008704,-0.003312,0.068658,-0.018369,0.071073,0.024775
652.000000,0.256427,0.114598,-0.040551,-0.052235,0.020098,-0.003170,0.026831,-0.008010,0.028001,0.009768
653.000000,0.244411,0.099631,-0.083130,-0.138883,0.054407,0.001843,-0.090699,0.019062,0.092680,0.032288
654.000000,0.272361,0.137177,0.045264,-0.001577,0.000038,0.000463,-0.155920,0.042735,0.161670,0.056157
655.000000,0.349824,0.250863,0.196383,0.259666,-0.109057,0.008693,0.018157,0.006770,0.019378,0.006760
656.000000,0.311098,0.195561,-0.044063,0.063942,-0.023426,0.014070,0.180759,-0.051601,0.187980,0.065196
657.000000,0.268921,0.127652,-0.191607,-0.245116,0.111651,0.022502,0.045016,-0.025123,0.051552,0.017977
658.000000,0.325409,0.174357,-0.022420,-0.141189,0.053727,0.029572,-0.162144,0.044891,0.168244,0.058419
659.000000,0.399854,0.245432,0.167423,0.137442,-0.070211,0.019745,-0.133720,0.046601,0.141608,0.049238
660.000000,0.416680,0.257772,0.076353,0.153642,-0.068466,0.020325,0.033289,-0.006766,0.033970,0.011849
661.000000,0.372618,0.190228,-0.065748,-0.015487,0.015515,0.014356,0.093652,-0.032067,0.098990,0.034479
662.000000,0.373134,0.186334,-0.003278,0.010252,0.004997,0.007433,0.092973,-0.024056,0.096035,0.033453
663.000000,0.373732,0.180464,-0.008665,0.021372,-0.010250,0.002461,0.111920,-0.026526,0.115020,0.040039
664.000000,0.342396,0.136358,-0.126371,-0.154704,0.059492,0.004710,0.017751,-0.011229,0.021004,0.007327
665.000000,0.359308,0.160907,-0.023689,-0.094018,0.038600,0.006588,-0.116766,0.028568,0.120210,0.041837
666.000000,0.376601,0.175126,0.045445,-0.010458,0.001659,0.002227,-0.167084,0.045857,0.173263,0.060145
667.000000,0.403540,0.210727,0.114751,0.112208,-0.048837,-0.000376,-0.096154,0.030237,0.100796,0.035106
668.000000,0.425735,0.249866,0.096519,0.178627,-0.073569,0.004916,0.075710,-0.015511,0.077283,0.026935
669.000000,0.376529,0.182557,-0.077511,-0.011918,0.009881,0.003710,0.150152,-0.044959,0.156738,0.054459
670.000000,0.350836,0.145725,-0.135491,-0.194074,0.086202,0.010204,0.014112,-0.011894,0.018456,0.006438
671.000000,0.393301,0.189881,0.033212,-0.035170,0.011687,0.008408,-0.099140,0.030267,0.103657,0.036099
672.000000,0.438254,0.243996,0.119005,0.148250,-0.068502,0.004903,-0.015457,0.012098,0.019629,0.006847
673.000000,0.422864,0.225295,0.001882,0.093738,-0.039727,0.005551,0.116039,-0.031637,0.120274,0.041860
674.000000,0.375102,0.160612,-0.113744,-0.102766,0.049508,0.004130,0.090069,-0.031974,0.095576,0.033293
675.000000,0.375641,0.155653,-0.086994,-0.177365,0.076537,0.011630,-0.076259,0.015512,0.077821,0.027122
676.000000,0.438406,0.225987,0.128060,0.089375,-0.042447,0.005294,-0.097860,0.034941,0.103911,0.036187
677.000000,0.431474,0.208002,0.022575,0.053138,-0.029654,0.002373,-0.020572,0.006112,0.021461,0.007487
678.000000,0.404450,0.175295,-0.027439,-0.021338,0.011327,-0.001117,-0.010301,-0.002021,0.010497,0.003662
679.000000,0.407507,0.186123,0.037930,0.037743,-0.009695,-0.004757,0.005195,-0.000156,0.005197,0.001813
680.000000,0.387065,0.156215,-0.032153,-0.041245,0.015351,-0.006055,-0.005154,0.000359,0.005166,0.001802
681.000000,0.389791,0.167567,0.020360,0.014231,-0.006434,-0.008079,-0.014643,0.004827,0.015418,0.005379
682.000000,0.386778,0.171541,0.022941,0.041043,-0.017619,-0.009142,0.019620,-0.003941,0.020012,0.006981
683.000000,0.382686,0.177625,0.021370,0.066887,-0.027564,-0.008994,0.083827,-0.020326,0.086256,0.030055
684.000000,0.355490,0.150035,-0.042489,-0.010455,0.004003,-0.008842,0.107952,-0.030063,0.112060,0.039013
685.000000,0.326337,0.118415,-0.118544,-0.170667,0.071393,-0.001542,-0.011651,-0.004184,0.012379,0.004319
686.000000,0.355014,0.158677,0.022146,-0.039851,0.016460,-0.000522,-0.117348,0.032473,0.121758,0.042374
687.000000,0.380516,0.191390,0.087076,0.084217,-0.038669,-0.003268,-0.078988,0.025861,0.083114,0.028963
688.000000,0.361243,0.165290,0.000690,0.016872,-0.009633,-0.004057,-0.028665,0.005846,0.029255,0.010205
689.000000,0.341351,0.143449,-0.018054,-0.036099,0.018080,-0.005063,-0.045239,0.008309,0.045996,0.016041
690.000000,0.360725,0.177248,0.075683,0.081267,-0.029767,-0.006707,-0.007214,0.005905,0.009323,0.003252
691.000000,0.361312,0.182688,0.033086,0.090185,-0.039588,-0.004942,0.091163,-0.020531,0.093446,0.032554
692.000000,0.333683,0.153906,-0.038890,0.011662,-0.005511,-0.004933,0.140915,-0.038815,0.146163,0.050811
693.000000,0.305366,0.125038,-0.082990,-0.092429,0.040622,-0.003345,0.084093,-0.026833,0.088270,0.030755
694.000000,0.301069,0.122962,-0.087088,-0.156106,0.064849,0.003989,-0.063465,0.012361,0.064658,0.022542
695.000000,0.329487,0.155407,0.023915,-0.039199,0.012092,0.003189,-0.161838,0.044738,0.167908,0.058304
696.000000,0.371979,0.212579,0.135989,0.143199,-0.063508,0.001625,-0.083220,0.028799,0.088062,0.030683
697.000000,0.377242,0.225476,0.061278,0.143015,-0.059461,0.006392,0.079084,-0.018935,0.081319,0.028339
698.000000,0.326283,0.153713,-0.094358,-0.066074,0.033344,0.004938,0.100585,-0.033757,0.106098,0.036946
699.000000,0.317663,0.138264,-0.088389,-0.157554,0.069909,0.010000,-0.035813,0.004358,0.036077,0.012584
700.000000,0.350099,0.168343,0.029095,-0.038075,0.011206,0.007647,-0.134017,0.038860,0.139537,0.048523
701.000000,0.393533,0.222572,0.126727,0.142338,-0.065273,0.004777,-0.055483,0.021953,0.059668,0.020804
702.000000,0.383344,0.210915,0.024111,0.098175,-0.041255,0.006100,0.076345,-0.020560,0.079065,0.027555
703.000000,0.359076,0.185119,-0.021505,0.041297,-0.009877,0.003110,0.149363,-0.041706,0.155076,0.053886
704.000000,0.338257,0.159245,-0.050023,-0.020806,0.012950,0.000151,0.154320,-0.041708,0.159857,0.055533
705.000000,0.315584,0.128889,-0.133621,-0.185440,0.075522,0.006673,0.019952,-0.011381,0.022970,0.008013
706.000000,0.340783,0.156402,-0.066734,-0.176024,0.066105,0.016173,-0.183045,0.045476,0.188609,0.065412
707.000000,0.397174,0.217678,0.140105,0.073040,-0.037254,0.008781,-0.214440,0.063142,0.223543,0.077341
708.000000,0.436198,0.266381,0.149291,0.180954,-0.079544,0.010420,-0.058339,0.021528,0.062184,0.021681
709.000000,0.413333,0.233419,0.005941,0.079517,-0.028585,0.009754,0.078727,-0.023361,0.082120,0.028617
710.000000,0.386181,0.194495,-0.041367,-0.005731,0.010230,0.004364,0.111409,-0.032336,0.116007,0.040381
711.000000,0.369445,0.167337,-0.064895,-0.082166,0.035935,0.002373,0.053357,-0.016186,0.055758,0.019443
712.000000,0.377578,0.177150,-0.009452,-0.031693,0.010667,-0.000545,-0.005968,0.002674,0.006540,0.002282
713.000000,0.386538,0.192177,0.029804,0.043775,-0.020851,-0.004105,0.008896,-0.000020,0.008896,0.003104
714.000000,0.369579,0.173893,-0.015545,0.007075,-0.004228,-0.005881,0.033976,-0.010214,0.035478,0.012375
715.000000,0.351759,0.156882,-0.028652,-0.032466,0.015026,-0.006863,0.015419,-0.006487,0.016728,0.005836
716.000000,0.344434,0.152151,-0.013397,-0.035003,0.015706,-0.007349,-0.023200,0.005151,0.023765,0.008290
717.000000,0.341276,0.151086,-0.000084,-0.022773,0.008617,-0.008028,-0.054817,0.014296,0.056650,0.019753
718.000000,0.331142,0.139533,-0.014340,-0.048200,0.018577,-0.007813,-0.097992,0.023734,0.100825,0.035116
719.000000,0.342657,0.161712,0.059441,0.040823,-0.015202,-0.009054,-0.092960,0.025979,0.096522,0.033622
720.000000,0.359887,0.193650,0.086579,0.123157,-0.050793,-0.006756,0.008865,0.002175,0.009128,0.003184
721.000000,0.339267,0.172393,-0.003075,0.054559,-0.022873,-0.004690,0.102647,-0.027323,0.106221,0.036988
722.000000,0.317578,0.153520,-0.027539,0.008972,-0.001015,-0.005493,0.134083,-0.036615,0.138992,0.048335
723.000000,0.300251,0.138071,-0.044999,-0.033335,0.014879,-0.005848,0.115920,-0.031500,0.120124,0.041807
724.000000,0.282147,0.119328,-0.092800,-0.128994,0.051834,-0.001603,0.013718,-0.007755,0.015758,0.005497
725.000000,0.289133,0.129821,-0.070847,-0.153572,0.060099,0.005955,-0.148800,0.035357,0.152943,0.053150
726.000000,0.323677,0.168859,0.070445,0.003685,-0.005362,0.002865,-0.217080,0.059988,0.225216,0.077910
727.000000,0.385283,0.255125,0.191544,0.216248,-0.093040,0.006578,-0.069307,0.027505,0.074565,0.025990
728.000000,0.375543,0.243516,0.028303,0.130580,-0.051498,0.012734,0.118147,-0.031794,0.122350,0.042579
729.000000,0.326676,0.170701,-0.103991,-0.072721,0.039278,0.009267,0.129193,-0.041539,0.135707,0.047200
730.000000,0.336580,0.179770,-0.013364,-0.021149,0.013967,0.005053,0.080975,-0.020127,0.083439,0.029076
731.000000,0.336151,0.173163,-0.023561,-0.016216,0.002508,0.001087,0.060224,-0.014191,0.061873,0.021572
732.000000,0.315751,0.145534,-0.090176,-0.122554,0.046260,0.002190,-0.029615,0.002575,0.029727,0.010369
733.000000,0.320034,0.147270,-0.072825,-0.177777,0.070610,0.010440,-0.204954,0.048202,0.210546,0.072913
734.000000,0.388282,0.230732,0.187033,0.123085,-0.053004,0.004993,-0.203618,0.061908,0.212821,0.073689
735.000000,0.477160,0.351712,0.201944,0.309708,-0.131701,0.021567,0.060695,-0.004552,0.060865,0.021221
736.000000,0.435137,0.286756,-0.075776,0.110170,-0.031942,0.025465,0.276279,-0.079622,0.287523,0.098933
737.000000,0.387600,0.196823,-0.233489,-0.228786,0.114491,0.026869,0.171362,-0.059014,0.181239,0.062884
738.000000,0.449108,0.233518,-0.102770,-0.241188,0.094717,0.041258,-0.095206,0.024160,0.098224,0.034213
739.000000,0.526591,0.284676,0.123496,0.030217,-0.032352,0.025866,-0.184973,0.058503,0.194004,0.067259
740.000000,0.544720,0.286434,0.099386,0.095762,-0.049419,0.014637,-0.105497,0.029969,0.109671,0.038185
741.000000,0.547082,0.290399,0.070404,0.127287,-0.047206,0.008694,0.024413,-0.006488,0.025260,0.008812
742.000000,0.514805,0.242011,-0.034866,0.018860,-0.000849,0.002191,0.095830,-0.027731,0.099762,0.034747
743.000000,0.491694,0.208611,-0.060901,-0.060185,0.027044,-0.002291,0.064047,-0.018919,0.066783,0.023282
744.000000,0.483993,0.200781,-0.038901,-0.074407,0.028945,-0.004315,-0.013782,0.002328,0.013977,0.004876
745.000000,0.492305,0.218185,0.030740,0.013405,-0.007325,-0.008534,-0.039178,0.011993,0.040973,0.014290
746.000000,0.495049,0.231923,0.044979,0.076152,-0.032921,-0.010803,0.018337,-0.002337,0.018485,0.006449
747.000000,0.460265,0.192939,-0.047707,-0.029374,0.011466,-0.011708,0.033882,-0.012351,0.036063,0.012579
748.000000,0.438157,0.173935,-0.052491,-0.096854,0.042664,-0.009799,-0.044895,0.007191,0.045467,0.015857
749.000000,0.455666,0.205466,0.061536,0.028370,-0.009926,-0.011932,-0.070754,0.021599,0.073977,0.025785
750.000000,0.451783,0.205438,0.034674,0.044250,-0.021414,-0.012922,-0.027948,0.009231,0.029433,0.010267
751.000000,0.432019,0.189522,-0.002194,0.010934,-0.005227,-0.013441,-0.000133,-0.001518,0.001524,0.000532
752.000000,0.429885,0.202850,0.035910,0.064088,-0.023822,-0.013912,0.048211,-0.011153,0.049484,0.017257
753.000000,0.402673,0.174902,-0.036431,-0.013142,0.004614,-0.013493,0.069194,-0.019403,0.071863,0.025050
754.000000,0.384583,0.163013,-0.040203,-0.047513,0.019559,-0.012744,0.031271,-0.010202,0.032893,0.011474
755.000000,0.384407,0.174600,0.007310,0.003147,-0.001150,-0.013193,0.011499,-0.002117,0.011692,0.004079
756.000000,0.371523,0.165461,-0.014285,-0.012877,0.003427,-0.013127,0.004314,-0.001598,0.004600,0.001605
757.000000,0.352950,0.149001,-0.037955,-0.063524,0.025762,-0.011592,-0.044508,0.008470,0.045307,0.015801
758.000000,0.350785,0.153641,0.003645,-0.038456,0.017657,-0.010750,-0.100027,0.024857,0.103069,0.035895
759.000000,0.361940,0.174328,0.061895,0.044978,-0.017651,-0.011556,-0.087755,0.025411,0.091360,0.031829
760.000000,0.357143,0.172785,0.036662,0.047739,-0.020934,-0.010947,-0.034930,0.010244,0.036401,0.012697
761.000000,0.351873,0.176387,0.034190,0.063694,-0.025463,-0.010105,0.030090,-0.006974,0.030888,0.010774
762.000000,0.359924,0.202957,0.051513,0.128129,-0.050977,-0.006843,0.145982,-0.034549,0.150015,0.052140
763.000000,0.316235,0.149869,-0.084382,-0.032340,0.013386,-0.005652,0.183725,-0.051441,0.190791,0.066159
764.000000,0.292322,0.127536,-0.132853,-0.181375,0.077337,0.002582,0.046705,-0.019501,0.050613,0.017650
765.000000,0.315555,0.153990,-0.078734,-0.189261,0.073748,0.014788,-0.163374,0.039995,0.168198,0.058404
766.000000,0.382969,0.230121,0.154519,0.100886,-0.049448,0.008147,-0.182217,0.056560,0.190793,0.066160
767.000000,0.422547,0.279752,0.134557,0.196180,-0.086562,0.012622,-0.003384,0.006874,0.007662,0.002673
768.000000,0.367442,0.193617,-0.085987,-0.044934,0.024213,0.009826,0.057126,-0.023557,0.061792,0.021544
769.000000,0.364177,0.184677,-0.018711,-0.045758,0.027527,0.005540,0.005436,-0.003227,0.006322,0.002205
770.000000,0.377181,0.192704,0.028718,0.015214,-0.007680,0.000557,-0.005545,0.005331,0.007692,0.002684
771.000000,0.379236,0.194560,0.019889,0.047117,-0.024348,-0.002603,0.033253,-0.006525,0.033887,0.011820
772.000000,0.360549,0.175854,-0.020308,0.010338,-0.004902,-0.004606,0.062094,-0.018204,0.064707,0.022559
773.000000,0.337962,0.151665,-0.050095,-0.057870,0.026415,-0.005040,0.027948,-0.010931,0.030010,0.010468
774.000000,0.334721,0.150924,-0.020755,-0.053082,0.023273,-0.004998,-0.034568,0.008135,0.035512,0.012387
775.000000,0.330109,0.143631,-0.023024,-0.069842,0.026450,-0.004483,-0.106206,0.026499,0.109462,0.038112
776.000000,0.357753,0.186418,0.093738,0.083843,-0.034966,-0.006455,-0.082054,0.025714,0.085989,0.029962
777.000000,0.391088,0.243362,0.109680,0.195997,-0.081635,0.000982,0.088420,-0.016818,0.090005,0.031358
778.000000,0.340299,0.175855,-0.081281,-0.003696,0.004537,0.002146,0.176512,-0.051506,0.183873,0.063788
779.000000,0.311669,0.139577,-0.133334,-0.176559,0.079642,0.007738,0.055812,-0.022787,0.060285,0.021019
780.000000,0.337817,0.163913,-0.048068,-0.143864,0.056688,0.014199,-0.121991,0.031594,0.126016,0.043848
781.000000,0.375973,0.198643,0.075095,0.016818,-0.015934,0.007662,-0.176654,0.051509,0.184010,0.063835
782.000000,0.404159,0.233496,0.118859,0.132013,-0.059577,0.005172,-0.079588,0.025458,0.083561,0.029118
783.000000,0.396727,0.226962,0.042196,0.104006,-0.040310,0.005368,0.051407,-0.013860,0.053243,0.018566
784.000000,0.370775,0.193643,-0.024315,0.025679,-0.004317,0.002060,0.116658,-0.032823,0.121188,0.042176
785.000000,0.359200,0.180122,-0.024655,0.008181,-0.000254,-0.001501,0.133984,-0.034785,0.138426,0.048139
786.000000,0.333633,0.146539,-0.097390,-0.113748,0.045030,-0.000429,0.061210,-0.019952,0.064380,0.022445
787.000000,0.335917,0.152925,-0.068255,-0.135210,0.053945,0.004239,-0.082088,0.017882,0.084013,0.029276
788.000000,0.362922,0.184805,0.051054,-0.001597,-0.001745,0.000820,-0.145567,0.040725,0.151156,0.052534
789.000000,0.396869,0.231714,0.123199,0.142524,-0.061673,-0.000068,-0.050193,0.019314,0.053781,0.018754
790.000000,0.368521,0.191776,-0.013634,0.027751,-0.011862,-0.000267,0.034435,-0.011682,0.036363,0.012683
791.000000,0.340909,0.156174,-0.054274,-0.072368,0.034312,-0.001302,-0.001449,-0.004577,0.004801,0.001675
792.000000,0.378040,0.211644,0.095120,0.113934,-0.043814,-0.003925,0.041777,-0.004440,0.042012,0.014653
793.000000,0.357573,0.182717,-0.026384,0.032567,-0.017976,-0.003682,0.116493,-0.030057,0.120308,0.041871
794.000000,0.318769,0.135247,-0.135019,-0.166048,0.069029,0.001128,0.019868,-0.014102,0.024364,0.008499
795.000000,0.338136,0.160978,-0.027117,-0.114156,0.048716,0.006286,-0.133377,0.033115,0.137426,0.047794
796.000000,0.387053,0.218672,0.129371,0.101714,-0.045655,0.001448,-0.117426,0.038619,0.123613,0.043016
797.000000,0.410035,0.249798,0.091859,0.161939,-0.071718,0.005283,0.038534,-0.005283,0.038894,0.013566
798.000000,0.363627,0.186023,-0.067872,-0.013817,0.009440,0.003651,0.104070,-0.033574,0.109352,0.038074
799.000000,0.344537,0.161378,-0.064226,-0.087910,0.043490,0.002722,0.038417,-0.014456,0.041047,0.014316
800.000000,0.363783,0.183373,0.025858,0.009425,-0.003808,-0.000922,0.004049,0.002663,0.004846,0.001691
801.000000,0.358915,0.174630,-0.004906,0.006783,-0.008371,-0.003743,0.013023,-0.002299,0.013224,0.004614
802.000000,0.339386,0.153180,-0.039131,-0.048134,0.018388,-0.004815,-0.016217,0.000707,0.016232,0.005663
803.000000,0.332070,0.148251,-0.015832,-0.053585,0.024738,-0.004902,-0.074622,0.017005,0.076535,0.026675
804.000000,0.333607,0.149537,0.012820,-0.030006,0.013035,-0.005729,-0.119774,0.031350,0.123809,0.043084
805.000000,0.360511,0.190433,0.101816,0.105038,-0.044018,-0.006479,-0.062913,0.021640,0.066531,0.023194
806.000000,0.391077,0.244766,0.100160,0.200466,-0.083480,0.002430,0.120228,-0.025566,0.122916,0.042775
807.000000,0.328895,0.159121,-0.119224,-0.057961,0.028085,0.003287,0.173765,-0.053197,0.181726,0.063051
808.000000,0.316060,0.144850,-0.105803,-0.155363,0.071040,0.008335,0.042241,-0.017126,0.045581,0.015896
809.000000,0.357456,0.191146,0.046661,0.020937,-0.010970,0.004238,-0.015597,0.009878,0.018462,0.006441
810.000000,0.347211,0.169652,-0.023505,-0.019030,-0.000079,0.000522,-0.018621,0.004595,0.019180,0.006691
811.000000,0.324909,0.139230,-0.079430,-0.134937,0.054174,0.002752,-0.117985,0.023787,0.120359,0.041889
812.000000,0.358788,0.185441,0.096098,0.043851,-0.014290,-0.000883,-0.150839,0.042732,0.156775,0.054471
813.000000,0.388926,0.225185,0.117637,0.144385,-0.061872,0.000177,-0.033264,0.015389,0.036651,0.012784
814.000000,0.368030,0.197206,-0.000457,0.059207,-0.025628,0.001038,0.073358,-0.020322,0.076121,0.026531
815.000000,0.353143,0.186582,-0.004242,0.047086,-0.014456,-0.001446,0.132419,-0.035691,0.137145,0.047697
816.000000,0.320080,0.143027,-0.090516,-0.093003,0.040591,-0.001147,0.091538,-0.028244,0.095796,0.033370
817.000000,0.322988,0.150419,-0.043065,-0.079944,0.032876,-0.000053,-0.005257,0.000333,0.005268,0.001838
818.000000,0.337839,0.170686,0.023223,0.009075,-0.006620,-0.002925,-0.036095,0.011893,0.038004,0.013255
819.000000,0.324899,0.152783,-0.017905,-0.028312,0.008304,-0.004487,-0.050972,0.011697,0.052297,0.018237
820.000000,0.315099,0.142901,-0.011627,-0.045535,0.019868,-0.004986,-0.094826,0.022065,0.097359,0.033913
821.000000,0.349201,0.197268,0.114829,0.125378,-0.048984,-0.005595,-0.031419,0.013968,0.034384,0.011993
822.000000,0.346985,0.198237,0.034806,0.105547,-0.045520,-0.001742,0.097590,-0.022954,0.100253,0.034917
823.000000,0.301948,0.139474,-0.093201,-0.075188,0.032408,-0.001320,0.095781,-0.031284,0.100761,0.035093
824.000000,0.291540,0.127987,-0.102879,-0.181351,0.078086,0.007509,-0.060693,0.009313,0.061403,0.021409
825.000000,0.331892,0.171659,0.049646,-0.018438,0.004576,0.005755,-0.156713,0.045238,0.163112,0.056654
826.000000,0.401167,0.264000,0.178740,0.224841,-0.099219,0.008706,-0.013683,0.014485,0.019926,0.006951
827.000000,0.367981,0.215561,-0.031871,0.066959,-0.026393,0.011487,0.135078,-0.039529,0.140743,0.048940
828.000000,0.333917,0.169744,-0.076543,-0.049959,0.030577,0.007117,0.132019,-0.040608,0.138123,0.048035
829.000000,0.322929,0.147075,-0.100226,-0.160933,0.069902,0.011166,0.000652,-0.004548,0.004594,0.001603
830.000000,0.350352,0.170566,-0.009381,-0.083672,0.028182,0.010791,-0.129640,0.035896,0.134518,0.046789
831.000000,0.386481,0.211501,0.102964,0.085686,-0.041818,0.004657,-0.110265,0.034383,0.115501,0.040206
832.000000,0.386668,0.211213,0.053534,0.090600,-0.039235,0.003311,-0.009525,0.003364,0.010102,0.003524
833.000000,0.375413,0.202276,0.020854,0.075312,-0.026488,0.001477,0.082995,-0.022250,0.085926,0.029940
834.000000,0.352465,0.173663,-0.030952,0.007268,0.000699,-0.001121,0.122680,-0.033398,0.127145,0.044238
835.000000,0.324676,0.136284,-0.106725,-0.140174,0.058276,0.001779,0.031692,-0.013639,0.034502,0.012035
836.000000,0.335797,0.149517,-0.057770,-0.143652,0.056712,0.007781,-0.129294,0.031223,0.133011,0.046267
837.000000,0.386392,0.211457,0.125527,0.090184,-0.041095,0.002548,-0.134685,0.042215,0.141146,0.049079
838.000000,0.406895,0.238689,0.093549,0.147894,-0.065143,0.004710,0.006640,0.002628,0.007141,0.002491
839.000000,0.375942,0.199069,-0.023674,0.040965,-0.013476,0.003537,0.102534,-0.030365,0.106936,0.037236
840.000000,0.346608,0.160258,-0.067243,-0.066461,0.033546,0.001379,0.076629,-0.024545,0.080464,0.028042
841.000000,0.349307,0.163054,-0.019804,-0.044136,0.019503,-0.000425,0.016138,-0.003725,0.016562,0.005778
842.000000,0.353193,0.167504,0.001019,-0.006666,-0.000944,-0.003276,-0.008736,0.003855,0.009549,0.003331
843.000000,0.343226,0.157131,-0.014506,-0.020315,0.005672,-0.005106,-0.025482,0.005361,0.026040,0.009084
844.000000,0.335176,0.151874,-0.002520,-0.019269,0.009068,-0.006356,-0.047910,0.010924,0.049140,0.017137
845.000000,0.334892,0.155873,0.024329,0.012465,-0.003532,-0.007687,-0.048523,0.013275,0.050306,0.017543
846.000000,0.338958,0.166744,0.043161,0.057405,-0.023842,-0.008164,-0.004106,0.003468,0.005375,0.001875
847.000000,0.326417,0.155943,0.005523,0.032459,-0.014473,-0.007873,0.044371,-0.011465,0.045828,0.015983
848.000000,0.293706,0.115468,-0.082899,-0.110603,0.046028,-0.004858,-0.015124,-0.001915,0.015245,0.005318
849.000000,0.305618,0.136547,0.008580,-0.038337,0.018353,-0.004081,-0.092151,0.024063,0.095241,0.033177
850.000000,0.374020,0.237469,0.167417,0.223238,-0.093529,0.000602,0.040440,0.000506,0.040443,0.014106
851.000000,0.340851,0.193101,-0.041361,0.067525,-0.029036,0.006090,0.188909,-0.051835,0.195891,0.067905
852.000000,0.296365,0.136293,-0.132370,-0.129976,0.061337,0.006935,0.132203,-0.043604,0.139208,0.048410
853.000000,0.305792,0.143393,-0.099313,-0.189964,0.081104,0.016981,-0.055277,0.010158,0.056203,0.019597
854.000000,0.339619,0.163086,-0.051313,-0.180717,0.059922,0.024052,-0.262571,0.069467,0.271605,0.093595
855.000000,0.417813,0.249795,0.218553,0.145187,-0.072207,0.015255,-0.246452,0.074512,0.257470,0.088836
856.000000,0.533879,0.405723,0.240493,0.365856,-0.152314,0.036452,0.065112,-0.005991,0.065387,0.022796
857.000000,0.476163,0.304417,-0.118551,0.083825,-0.011464,0.035652,0.288278,-0.086650,0.301019,0.103439
858.000000,0.445996,0.218649,-0.245603,-0.253620,0.128295,0.036539,0.154051,-0.054358,0.163360,0.056739
859.000000,0.521968,0.257527,-0.062560,-0.194085,0.070377,0.042695,-0.092861,0.027544,0.096860,0.033739
860.000000,0.591341,0.301299,0.129771,0.066342,-0.046866,0.024004,-0.136827,0.045304,0.144132,0.050110
861.000000,0.610090,0.312744,0.089196,0.140837,-0.063567,0.015100,-0.011030,0.004629,0.011962,0.004173
862.000000,0.568553,0.250803,-0.047842,0.005054,0.005927,0.006382,0.057517,-0.021243,0.061315,0.021378
863.000000,0.543162,0.210173,-0.064035,-0.100707,0.048303,0.002189,-0.007824,-0.002102,0.008101,0.002826
864.000000,0.558020,0.225690,0.039297,-0.010584,0.002922,-0.003542,-0.061559,0.019575,0.064596,0.022520
865.000000,0.582516,0.265219,0.090461,0.126817,-0.057451,-0.006979,0.018931,0.001128,0.018965,0.006616
866.000000,0.537772,0.212292,-0.066184,-0.017258,0.005268,-0.008889,0.066160,-0.022083,0.069748,0.024314
867.000000,0.510759,0.190544,-0.061027,-0.087913,0.041362,-0.009073,-0.000885,-0.004961,0.005039,0.001758
868.000000,0.518641,0.209573,0.032296,-0.003577,0.003505,-0.011625,-0.044049,0.013701,0.046131,0.016088
869.000000,0.503523,0.194060,-0.006281,-0.032421,0.009491,-0.013388,-0.067717,0.017225,0.069873,0.024357
870.000000,0.505765,0.213096,0.054475,0.048155,-0.019473,-0.015442,-0.050428,0.014386,0.052440,0.018287
871.000000,0.502516,0.224795,0.048347,0.085385,-0.034758,-0.015037,0.029362,-0.005605,0.029892,0.010427
872.000000,0.480840,0.210692,-0.007857,0.049358,-0.020627,-0.014420,0.102387,-0.026655,0.105800,0.036842
873.000000,0.449833,0.184216,-0.053986,-0.023263,0.009580,-0.014571,0.109956,-0.030872,0.114208,0.039758
874.000000,0.425989,0.167101,-0.073179,-0.094203,0.039160,-0.012104,0.035991,-0.012973,0.038258,0.013344
875.000000,0.423877,0.175191,-0.029044,-0.076913,0.031434,-0.009973,-0.059328,0.014097,0.060980,0.021261
876.000000,0.424678,0.181356,0.009173,-0.040695,0.015174,-0.010423,-0.122519,0.031688,0.126551,0.044033
877.000000,0.432040,0.198521,0.066070,0.038491,-0.015813,-0.012353,-0.115727,0.031765,0.120007,0.041767
878.000000,0.423444,0.193817,0.042822,0.037435,-0.014919,-0.012855,-0.072996,0.019134,0.075462,0.026302
879.000000,0.428955,0.214977,0.069917,0.100259,-0.039289,-0.011960,0.011800,-0.000369,0.011806,0.004119
880.000000,0.420549,0.215913,0.022719,0.094717,-0.038928,-0.009405,0.122108,-0.029942,0.125725,0.043747
881.000000,0.381658,0.172797,-0.072928,-0.028768,0.012008,-0.009240,0.146877,-0.041602,0.152655,0.053051
882.000000,0.362527,0.159630,-0.071632,-0.082506,0.035609,-0.007724,0.078206,-0.023573,0.081681,0.028465
883.000000,0.364445,0.169942,-0.025102,-0.046593,0.018359,-0.007549,0.008770,-0.002130,0.009025,0.003149
884.000000,0.354797,0.160334,-0.041463,-0.076505,0.028170,-0.006806,-0.064277,0.014774,0.065953,0.022993
885.000000,0.354814,0.164359,0.000403,-0.050958,0.020416,-0.006799,-0.134123,0.033381,0.138215,0.048066
886.000000,0.373795,0.194956,0.089985,0.067497,-0.026398,-0.008757,-0.112413,0.032434,0.116998,0.040725
887.000000,0.360418,0.177109,0.023640,0.023735,-0.010609,-0.008895,-0.065398,0.016764,0.067512,0.023536
888.000000,0.365656,0.194666,0.062059,0.084577,-0.032647,-0.008914,0.002518,0.001449,0.002905,0.001014
889.000000,0.374388,0.218994,0.055999,0.135429,-0.054732,-0.005092,0.132827,-0.030848,0.136362,0.047426
890.000000,0.333865,0.170293,-0.071572,-0.004675,0.002499,-0.004425,0.192545,-0.053269,0.199778,0.069235
891.000000,0.303843,0.138488,-0.131258,-0.161892,0.069960,0.001193,0.081357,-0.028360,0.086158,0.030021
892.000000,0.321230,0.160809,-0.067873,-0.153648,0.061832,0.009307,-0.096394,0.023026,0.099106,0.034519
893.000000,0.360152,0.201731,0.071217,0.018929,-0.014204,0.004253,-0.154394,0.045346,0.160915,0.055897
894.000000,0.378368,0.222303,0.091536,0.100367,-0.046303,0.001502,-0.077825,0.023923,0.081419,0.028374
895.000000,0.359240,0.196887,0.013094,0.038481,-0.014525,-0.000246,-0.005458,-0.000729,0.005506,0.001921
896.000000,0.344410,0.179810,0.001697,0.010044,0.000650,-0.003043,0.019070,-0.006353,0.020100,0.007012
897.000000,0.342687,0.179938,0.017084,0.031436,-0.011336,-0.005306,0.044886,-0.009986,0.045983,0.016037
898.000000,0.336322,0.175705,0.001821,0.034872,-0.016290,-0.006473,0.083024,-0.020272,0.085463,0.029780
899.000000,0.305387,0.138594,-0.080388,-0.087200,0.034461,-0.005240,0.040510,-0.015276,0.043295,0.015100
900.000000,0.304725,0.144942,-0.031722,-0.074265,0.032532,-0.003461,-0.049793,0.010709,0.050932,0.017761
901.000000,0.329969,0.181299,0.068162,0.062764,-0.026017,-0.005661,-0.041876,0.015446,0.044634,0.015566
902.000000,0.331697,0.186525,0.037659,0.081575,-0.037068,-0.004758,0.042126,-0.008411,0.042957,0.014982
903.000000,0.297375,0.144002,-0.056544,-0.041566,0.017143,-0.004610,0.051915,-0.018085,0.054975,0.019170
904.000000,0.277292,0.117944,-0.115692,-0.198906,0.084357,0.005528,-0.100724,0.018204,0.102356,0.035647
905.000000,0.331107,0.182416,0.100303,0.036144,-0.015778,0.003039,-0.168179,0.050008,0.175456,0.060899
906.000000,0.398214,0.272457,0.174965,0.237466,-0.104276,0.009856,0.008375,0.008592,0.011998,0.004186
907.000000,0.354004,0.207067,-0.057682,0.037550,-0.012995,0.011749,0.143188,-0.043327,0.149600,0.051997
908.000000,0.323616,0.164573,-0.085425,-0.080970,0.043757,0.008444,0.105641,-0.034129,0.111017,0.038652
909.000000,0.329426,0.164302,-0.037019,-0.074102,0.033088,0.006895,0.018166,-0.004643,0.018750,0.006541
910.000000,0.334725,0.162529,-0.027003,-0.064653,0.020660,0.004344,-0.059481,0.016161,0.061637,0.021490
911.000000,0.355507,0.191330,0.060039,0.058478,-0.027197,-0.000110,-0.049910,0.016013,0.052416,0.018278
912.000000,0.360689,0.203489,0.051652,0.100097,-0.041495,-0.000570,0.044523,-0.009602,0.045547,0.015885
913.000000,0.320453,0.147864,-0.074689,-0.063989,0.028152,-0.001051,0.047736,-0.017914,0.050987,0.017780
914.000000,0.309129,0.132171,-0.083016,-0.157822,0.067475,0.005052,-0.087767,0.017441,0.089483,0.031177
915.000000,0.348171,0.177046,0.075515,0.017112,-0.008897,0.001947,-0.149102,0.043791,0.155400,0.053997
916.000000,0.388045,0.229836,0.129260,0.162196,-0.072234,0.002901,-0.031801,0.015703,0.035467,0.012371
917.000000,0.364762,0.199975,-0.003717,0.067822,-0.027839,0.004265,0.088805,-0.025451,0.092380,0.032183
918.000000,0.336700,0.167033,-0.041757,-0.010804,0.011157,0.001120,0.112791,-0.033229,0.117584,0.040928
919.000000,0.325125,0.152578,-0.039818,-0.043308,0.020990,-0.000793,0.078562,-0.021458,0.081440,0.028381
920.000000,0.312818,0.134883,-0.078858,-0.122425,0.047585,0.001617,-0.023780,0.003211,0.023996,0.008371
921.000000,0.341808,0.176230,0.053246,0.034069,-0.015971,-0.001609,-0.057409,0.018475,0.060309,0.021027
922.000000,0.359092,0.204002,0.070244,0.118965,-0.051425,-0.001356,0.038465,-0.005879,0.038912,0.013572
923.000000,0.313974,0.141011,-0.087002,-0.073047,0.030252,-0.001003,0.044320,-0.017909,0.047802,0.016670
924.000000,0.303403,0.126320,-0.100581,-0.191622,0.081704,0.008559,-0.117810,0.023643,0.120159,0.041820
925.000000,0.350330,0.176554,0.083952,0.002558,-0.003834,0.005912,-0.204364,0.058625,0.212607,0.073616
926.000000,0.427574,0.279177,0.205604,0.247094,-0.109141,0.011131,-0.036457,0.021434,0.042291,0.014750
927.000000,0.412968,0.259583,0.003886,0.139422,-0.053985,0.018277,0.170768,-0.047241,0.177182,0.061491
928.000000,0.361792,0.183643,-0.118032,-0.060986,0.038754,0.012745,0.193348,-0.059172,0.202200,0.070063
929.000000,0.358417,0.169350,-0.090609,-0.124330,0.057935,0.012815,0.080907,-0.024142,0.084432,0.029421
930.000000,0.374615,0.177385,-0.048099,-0.104407,0.036957,0.011836,-0.046658,0.012952,0.048422,0.016887
931.000000,0.382651,0.177190,-0.024994,-0.092679,0.029452,0.009005,-0.156716,0.039831,0.161699,0.056167
932.000000,0.415651,0.219705,0.117142,0.083079,-0.035633,0.002580,-0.143304,0.041381,0.149159,0.051845
933.000000,0.424556,0.231442,0.083690,0.111917,-0.046307,0.001668,-0.029442,0.010479,0.031251,0.010901
934.000000,0.411126,0.216233,0.018562,0.074012,-0.028086,0.000363,0.072082,-0.018980,0.074539,0.025981
935.000000,0.395260,0.200662,-0.009683,0.047315,-0.016068,-0.002258,0.138152,-0.036294,0.142840,0.049664
936.000000,0.359328,0.153811,-0.105287,-0.109355,0.045994,-0.001640,0.086424,-0.027675,0.090747,0.031616
937.000000,0.363392,0.163948,-0.046919,-0.095421,0.039520,0.000345,-0.028278,0.005618,0.028831,0.010057
938.000000,0.375882,0.178845,0.014701,-0.023474,0.006722,-0.002277,-0.088176,0.024521,0.091522,0.031885
939.000000,0.387437,0.196542,0.059103,0.058488,-0.026424,-0.005261,-0.059645,0.018186,0.062356,0.021740
940.000000,0.370592,0.176489,0.005089,0.014354,-0.006463,-0.006553,-0.022967,0.004611,0.023425,0.008172
941.000000,0.353552,0.158556,-0.010682,-0.024447,0.012501,-0.007552,-0.032871,0.006263,0.033462,0.011672
942.000000,0.371791,0.192343,0.072991,0.090381,-0.034830,-0.008545,0.016712,-0.000153,0.016713,0.005830
943.000000,0.362826,0.185966,0.010992,0.069806,-0.031264,-0.006950,0.105653,-0.025716,0.108738,0.037861
944.000000,0.319434,0.132441,-0.110758,-0.116269,0.047857,-0.004350,0.059710,-0.022519,0.063815,0.022248
945.000000,0.324366,0.146382,-0.035466,-0.092115,0.041060,-0.000982,-0.055997,0.012315,0.057335,0.019992
946.000000,0.362221,0.197279,0.092660,0.090506,-0.038780,-0.003782,-0.037610,0.016454,0.041052,0.014318
947.000000,0.343116,0.168951,-0.013450,0.015382,-0.011548,-0.004174,0.014650,-0.004563,0.015344,0.005353
948.000000,0.317800,0.140420,-0.050162,-0.068706,0.029928,-0.004106,-0.024499,0.001291,0.024533,0.008558
949.000000,0.327702,0.159230,0.035118,0.011193,-0.000457,-0.005808,-0.048813,0.013921,0.050759,0.017701
950.000000,0.342689,0.182364,0.062532,0.088620,-0.037813,-0.006087,0.016065,0.000462,0.016072,0.005607
951.000000,0.317300,0.150423,-0.030164,-0.000932,-0.002541,-0.005786,0.056501,-0.016554,0.058876,0.020529
952.000000,0.292952,0.124481,-0.064893,-0.091515,0.039645,-0.003957,-0.005550,-0.003705,0.006673,0.002328
953.000000,0.306443,0.147151,0.024286,-0.004111,0.004329,-0.004882,-0.050687,0.014650,0.052762,0.018399
954.000000,0.314557,0.158772,0.039242,0.048003,-0.022091,-0.006027,-0.020264,0.008414,0.021941,0.007654
955.000000,0.319249,0.173407,0.044619,0.092722,-0.039987,-0.004800,0.064462,-0.014302,0.066030,0.023019
956.000000,0.292003,0.144224,-0.030156,0.010066,-0.003311,-0.004393,0.114239,-0.032160,0.118679,0.041307
957.000000,0.260646,0.106082,-0.113374,-0.154942,0.066734,0.001187,0.014571,-0.010919,0.018208,0.006352
958.000000,0.276945,0.124536,-0.063189,-0.158733,0.063561,0.010345,-0.163210,0.040266,0.168104,0.058371
959.000000,0.323085,0.174379,0.098978,0.039854,-0.022871,0.005694,-0.209273,0.060681,0.217893,0.075417
960.000000,0.404849,0.289429,0.212489,0.278968,-0.120557,0.015916,-0.003004,0.012070,0.012438,0.004339
961.000000,0.388856,0.271230,-0.004306,0.159433,-0.055851,0.025190,0.231598,-0.064413,0.240389,0.083060
962.000000,0.328101,0.168764,-0.195204,-0.166812,0.086977,0.022956,0.191383,-0.062840,0.201436,0.069802
963.000000,0.361899,0.187694,-0.089770,-0.172585,0.074141,0.028930,-0.002200,-0.000866,0.002364,0.000825
964.000000,0.405340,0.213637,0.021732,-0.040522,0.003890,0.020601,-0.108712,0.033726,0.113823,0.039624
965.000000,0.417939,0.215075,0.044931,0.025233,-0.019276,0.010899,-0.109856,0.030134,0.113914,0.039656
966.000000,0.410883,0.201248,0.033207,0.024228,-0.009119,0.004450,-0.081618,0.019795,0.083984,0.029266
967.000000,0.405463,0.192217,0.036050,0.027661,-0.007587,-0.000294,-0.051778,0.013610,0.053537,0.018669
968.000000,0.425987,0.224481,0.084444,0.125995,-0.050472,-0.001617,0.045774,-0.006722,0.046265,0.016135
969.000000,0.404572,0.198267,-0.018860,0.053471,-0.023365,-0.001734,0.140064,-0.036815,0.144822,0.050348
970.000000,0.362408,0.145717,-0.125848,-0.136602,0.058683,0.000297,0.072822,-0.026819,0.077603,0.027047
971.000000,0.376096,0.167243,-0.024242,-0.079358,0.035049,0.001846,-0.043698,0.010728,0.044996,0.015693
972.000000,0.403087,0.200464,0.065186,0.058126,-0.027298,-0.002495,-0.041226,0.016051,0.044240,0.015429
973.000000,0.379370,0.165412,-0.032713,-0.032094,0.008272,-0.004329,-0.035922,0.006827,0.036565,0.012754
974.000000,0.370407,0.160802,-0.000029,-0.027683,0.014080,-0.005949,-0.069479,0.015564,0.071201,0.024819
975.000000,0.399722,0.209963,0.104948,0.125110,-0.048516,-0.006731,0.001971,0.005151,0.005515,0.001924
976.000000,0.396481,0.211533,0.024864,0.110442,-0.047669,-0.003026,0.134182,-0.032262,0.138006,0.047994
977.000000,0.346318,0.147779,-0.115476,-0.091346,0.038851,-0.002323,0.123800,-0.039275,0.129881,0.045185
978.000000,0.340283,0.141231,-0.147657,-0.261173,0.109952,0.015295,-0.092970,0.014954,0.094165,0.032803
979.000000,0.400731,0.198819,0.061143,-0.058976,0.015977,0.015855,-0.252402,0.071221,0.262258,0.090450
980.000000,0.497322,0.317865,0.257392,0.262400,-0.119567,0.016510,-0.101765,0.040629,0.109576,0.038152
981.000000,0.507243,0.327154,0.043619,0.198681,-0.077695,0.026430,0.151938,-0.041036,0.157382,0.054680
982.000000,0.452775,0.240279,-0.117443,0.000246,0.018161,0.017486,0.242712,-0.072351,0.253266,0.087417
983.000000,0.433439,0.193161,-0.181822,-0.228624,0.105643,0.022598,0.088311,-0.031752,0.093846,0.032692
984.000000,0.484414,0.227633,-0.044547,-0.164474,0.057373,0.027180,-0.126900,0.035533,0.131781,0.045842
985.000000,0.537970,0.272281,0.125936,0.065768,-0.040861,0.013785,-0.157755,0.048676,0.165094,0.057336
986.000000,0.545702,0.275169,0.083032,0.104434,-0.047081,0.007121,-0.056610,0.016040,0.058839,0.020515
987.000000,0.523804,0.246916,0.011528,0.051288,-0.015679,0.001267,0.026215,-0.009272,0.027806,0.009700
988.000000,0.508234,0.228673,-0.001283,0.029707,-0.007349,-0.004245,0.069884,-0.018238,0.072225,0.025175
989.000000,0.486403,0.202023,-0.041144,-0.029684,0.011330,-0.007648,0.063733,-0.017503,0.066093,0.023041
990.000000,0.463950,0.179252,-0.074915,-0.117217,0.046687,-0.006215,-0.028744,0.003033,0.028904,0.010082
991.000000,0.490723,0.225496,0.075541,0.057652,-0.022966,-0.009868,-0.044165,0.015478,0.046799,0.016321
992.000000,0.486164,0.226150,0.030607,0.070936,-0.032343,-0.010725,0.030296,-0.005717,0.030831,0.010754
993.000000,0.446524,0.180630,-0.068455,-0.062384,0.025276,-0.010890,0.021197,-0.010680,0.023736,0.008280
994.000000,0.436850,0.179588,-0.018021,-0.060920,0.029009,-0.010340,-0.048718,0.010202,0.049775,0.017358
995.000000,0.454041,0.210387,0.068659,0.058236,-0.023334,-0.012508,-0.037782,0.014070,0.040317,0.014062
996.000000,0.444448,0.204166,0.017710,0.049571,-0.024259,-0.012498,0.022566,-0.004463,0.023003,0.008025
997.000000,0.414563,0.174975,-0.039423,-0.029465,0.011847,-0.012561,0.025740,-0.010244,0.027704,0.009664
998.000000,0.402771,0.171996,-0.010616,-0.027287,0.014468,-0.012678,-0.006264,0.000029,0.006264,0.002185
999.000000,0.405695,0.185265,0.029252,0.031316,-0.012345,-0.013554,0.002212,0.001720,0.002802,0.000978
1000.000000,0.385216,0.163899,-0.026476,-0.024989,0.007371,-0.013200,-0.000138,-0.001258,0.001266,0.000442
1001.000000,0.374360,0.161305,-0.007229,-0.022079,0.009795,-0.012994,-0.026620,0.005328,0.027148,0.009470
1002.000000,0.384024,0.186827,0.054411,0.068618,-0.026666,-0.013197,0.009419,0.000436,0.009429,0.003290
1003.000000,0.364026,0.166564,-0.014425,0.013568,-0.007629,-0.012233,0.050408,-0.013482,0.052180,0.018196
1004.000000,0.341465,0.146586,-0.041244,-0.044901,0.018608,-0.011297,0.026533,-0.009795,0.028283,0.009866
1005.000000,0.328837,0.137731,-0.040188,-0.079724,0.034180,-0.008760,-0.047971,0.009574,0.048917,0.017059
1006.000000,0.339494,0.157054,0.029668,-0.001050,0.000973,-0.009268,-0.085705,0.023848,0.088961,0.030995
1007.000000,0.349125,0.174953,0.058205,0.066483,-0.029035,-0.009527,-0.041483,0.013852,0.043735,0.015253
1008.000000,0.332765,0.158388,0.004484,0.023930,-0.010998,-0.008936,0.005365,-0.002287,0.005832,0.002035
1009.000000,0.323085,0.155770,0.011784,0.027949,-0.009148,-0.009193,0.035320,-0.009568,0.036593,0.012764
1010.000000,0.325509,0.169811,0.032675,0.074794,-0.029497,-0.008616,0.098814,-0.023073,0.101472,0.035340
1011.000000,0.292749,0.130191,-0.067081,-0.047920,0.017800,-0.007435,0.101302,-0.029253,0.105441,0.036718
1012.000000,0.278317,0.120566,-0.069829,-0.103946,0.043658,-0.003930,0.009202,-0.006456,0.011241,0.003922
1013.000000,0.286537,0.134684,-0.015695,-0.060546,0.024790,-0.002566,-0.079632,0.020427,0.082210,0.028649
1014.000000,0.297650,0.148714,0.030503,0.006707,-0.005042,-0.004375,-0.103170,0.028753,0.107102,0.037294
1015.000000,0.293361,0.142757,0.020385,0.007307,-0.004813,-0.005513,-0.095255,0.024635,0.098389,0.034270
1016.000000,0.295884,0.151648,0.048854,0.048496,-0.018249,-0.006272,-0.059286,0.016310,0.061489,0.021438
1017.000000,0.308412,0.177404,0.073020,0.114084,-0.045360,-0.004323,0.039995,-0.006775,0.040565,0.014148
1018.000000,0.281329,0.143895,-0.026528,0.013910,-0.005792,-0.003357,0.102186,-0.028246,0.106018,0.036918
1019.000000,0.266975,0.133109,-0.024284,-0.008988,0.005864,-0.004236,0.102650,-0.028074,0.106420,0.037057
1020.000000,0.255353,0.123005,-0.035435,-0.035564,0.014872,-0.004380,0.074600,-0.020394,0.077337,0.026954
1021.000000,0.246661,0.115996,-0.044808,-0.060781,0.023648,-0.003578,0.017247,-0.006054,0.018279,0.006377
1022.000000,0.250498,0.125851,-0.005216,-0.019837,0.007235,-0.004101,-0.024215,0.006464,0.025063,0.008743
1023.000000,0.237025,0.106688,-0.048848,-0.084523,0.032651,-0.002491,-0.090358,0.020452,0.092644,0.032275
1024.000000,0.244028,0.116297,0.003299,-0.045054,0.018769,-0.002078,-0.159878,0.040743,0.164988,0.057299
1025.000000,0.267246,0.147496,0.086706,0.069435,-0.028288,-0.003545,-0.133939,0.038647,0.139403,0.048477
1026.000000,0.292086,0.186829,0.106082,0.151243,-0.063528,0.000937,0.000084,0.005203,0.005204,0.001815
1027.000000,0.294775,0.202760,0.049751,0.151197,-0.059196,0.007642,0.171326,-0.043124,0.176670,0.061316
1028.000000,0.250940,0.147114,-0.073693,-0.008298,0.010794,0.006575,0.235227,-0.066232,0.244374,0.084410
1029.000000,0.225566,0.112082,-0.160793,-0.214345,0.094733,0.015649,0.086491,-0.031195,0.091945,0.032032
1030.000000,0.266231,0.151713,-0.081800,-0.188302,0.070575,0.027161,-0.138121,0.035420,0.142590,0.049578
1031.000000,0.334367,0.219936,0.129719,0.086523,-0.047733,0.017947,-0.165866,0.052379,0.173940,0.060378
1032.000000,0.357273,0.240595,0.098651,0.142267,-0.064640,0.016638,-0.029618,0.011187,0.031660,0.011044
1033.000000,0.329689,0.198446,-0.012605,0.036995,-0.009423,0.012581,0.060981,-0.020266,0.064260,0.022403
1034.000000,0.302282,0.150816,-0.074263,-0.099865,0.047861,0.010147,0.010822,-0.008097,0.013516,0.004715
1035.000000,0.324864,0.171647,0.029785,-0.002900,0.001577,0.005683,-0.037335,0.013130,0.039576,0.013804
1036.000000,0.345083,0.194444,0.060284,0.088271,-0.041094,0.002436,0.020763,-0.000600,0.020772,0.007246
1037.000000,0.308972,0.142034,-0.073352,-0.065001,0.024404,0.001313,0.017873,-0.010110,0.020534,0.007163
1038.000000,0.302171,0.136049,-0.040015,-0.088845,0.040533,0.002228,-0.071916,0.014790,0.073421,0.025592
1039.000000,0.359078,0.215011,0.141873,0.157293,-0.063584,0.000515,-0.007015,0.010885,0.012950,0.004518
1040.000000,0.363187,0.221856,0.031628,0.139850,-0.060887,0.006501,0.159459,-0.038694,0.164087,0.056989
1041.000000,0.302569,0.136514,-0.164058,-0.150422,0.066966,0.008266,0.122511,-0.043077,0.129864,0.045179
1042.000000,0.319446,0.150718,-0.121601,-0.243612,0.103251,0.025068,-0.109556,0.021939,0.111731,0.038899
1043.000000,0.397222,0.223918,0.130525,0.050358,-0.030678,0.017501,-0.187394,0.059103,0.196493,0.068111
1044.000000,0.447975,0.278114,0.147705,0.192900,-0.089941,0.017258,-0.033757,0.016866,0.037736,0.013162
1045.000000,0.405781,0.211428,-0.047871,0.014932,-0.002152,0.013590,0.065515,-0.023977,0.069765,0.024319
1046.000000,0.388373,0.183673,-0.034463,-0.035581,0.024723,0.007444,0.048264,-0.016154,0.050896,0.017749
1047.000000,0.384773,0.168511,-0.027197,-0.060551,0.025697,0.004024,-0.008974,0.002627,0.009351,0.003262
1048.000000,0.417557,0.211848,0.076834,0.100258,-0.044955,-0.000243,0.030514,-0.001728,0.030563,0.010661
1049.000000,0.388060,0.172014,-0.047158,-0.005589,-0.001400,-0.001944,0.073198,-0.021940,0.076415,0.026633
1050.000000,0.360051,0.139982,-0.094543,-0.132612,0.057868,0.000668,-0.018551,-0.002419,0.018708,0.006526
1051.000000,0.382909,0.170757,0.035898,-0.014612,0.008514,-0.001108,-0.089724,0.025630,0.093313,0.032507
1052.000000,0.405037,0.199044,0.079953,0.089998,-0.040812,-0.003559,-0.035842,0.014861,0.038801,0.013533
1053.000000,0.377803,0.162221,-0.027256,-0.009643,0.000768,-0.004512,-0.000683,-0.002582,0.002671,0.000932
1054.000000,0.360762,0.146680,-0.023394,-0.046416,0.022589,-0.005332,-0.036438,0.005941,0.036919,0.012877
1055.000000,0.398279,0.207793,0.110138,0.139364,-0.054280,-0.005900,0.035993,-0.002566,0.036084,0.012586
1056.000000,0.381429,0.188316,-0.010368,0.071075,-0.032607,-0.003201,0.148391,-0.037595,0.153079,0.053197
1057.000000,0.332251,0.126142,-0.160020,-0.184063,0.077865,0.002546,0.057316,-0.025224,0.062621,0.021833
1058.000000,0.359653,0.163697,-0.012899,-0.087771,0.038563,0.006223,-0.086697,0.022474,0.089563,0.031204
1059.000000,0.395407,0.203715,0.089427,0.074468,-0.035268,0.001100,-0.077004,0.026715,0.081506,0.028404
1060.000000,0.361616,0.147333,-0.067381,-0.092857,0.032177,0.000148,-0.104915,0.022229,0.107244,0.037343
1061.000000,0.384822,0.187325,0.090231,0.060561,-0.020350,-0.003622,-0.107095,0.029892,0.111188,0.038711
1062.000000,0.449267,0.286989,0.163858,0.257432,-0.104563,0.005865,0.093595,-0.014209,0.094667,0.032978
1063.000000,0.391434,0.201894,-0.107097,0.003415,0.001329,0.007722,0.214664,-0.061987,0.223435,0.077304
1064.000000,0.361750,0.160567,-0.168955,-0.212921,0.096531,0.014410,0.072615,-0.029567,0.078404,0.027325
1065.000000,0.408442,0.205565,0.008752,-0.064700,0.024641,0.013876,-0.069307,0.021681,0.072619,0.025313
1066.000000,0.431150,0.220576,0.052008,0.037128,-0.024107,0.005721,-0.073966,0.023874,0.077723,0.027089
1067.000000,0.420355,0.202905,0.011318,0.019319,-0.011457,0.000645,-0.043634,0.010035,0.044773,0.015615
1068.000000,0.403498,0.182720,-0.001350,-0.014016,0.009095,-0.002986,-0.044145,0.008725,0.044999,0.015694
1069.000000,0.399115,0.178466,0.020724,-0.000674,0.003382,-0.005865,-0.051181,0.013562,0.052947,0.018463
1070.000000,0.408773,0.195652,0.056858,0.068838,-0.028763,-0.007741,-0.005164,0.004941,0.007147,0.002493
1071.000000,0.412494,0.210302,0.042044,0.108622,-0.046686,-0.006167,0.099886,-0.022980,0.102495,0.035696
1072.000000,0.372800,0.164482,-0.069009,-0.022419,0.009564,-0.006226,0.135235,-0.039268,0.140821,0.048967
1073.000000,0.345500,0.135351,-0.129985,-0.188714,0.081375,0.002132,-0.001953,-0.007624,0.007870,0.002746
1074.000000,0.375514,0.170620,-0.002562,-0.090933,0.035743,0.005692,-0.150062,0.040365,0.155396,0.053996
1075.000000,0.426718,0.233929,0.144844,0.132368,-0.060656,0.001464,-0.102641,0.035359,0.108561,0.037800
1076.000000,0.445129,0.262936,0.081531,0.173282,-0.074578,0.006995,0.074932,-0.016148,0.076652,0.026716
1077.000000,0.389605,0.185657,-0.097263,-0.041857,0.023811,0.004749,0.126758,-0.041112,0.133258,0.046353
1078.000000,0.373109,0.159955,-0.104615,-0.166356,0.075887,0.009221,-0.004425,-0.005203,0.006830,0.002383
1079.000000,0.413378,0.200622,0.052427,-0.002325,-0.002188,0.005052,-0.082845,0.027235,0.087207,0.030386
1080.000000,0.428440,0.214359,0.058754,0.072091,-0.037327,0.000425,-0.035261,0.013243,0.037666,0.013138
1081.000000,0.402996,0.181775,-0.021508,-0.003926,0.000462,-0.002392,-0.004490,-0.002389,0.005086,0.001774
1082.000000,0.395914,0.180791,0.015602,0.017873,-0.002102,-0.005495,0.005712,-0.002345,0.006175,0.002154
1083.000000,0.387999,0.173090,0.006203,0.012993,-0.004314,-0.007459,0.022723,-0.004922,0.023250,0.008111
1084.000000,0.373458,0.157820,-0.020785,-0.020478,0.006446,-0.008461,0.014976,-0.004583,0.015662,0.005464
1085.000000,0.369283,0.161943,0.006396,0.008611,-0.003629,-0.009633,0.011353,-0.002864,0.011709,0.004085
1086.000000,0.368952,0.171931,0.024438,0.051616,-0.021149,-0.010135,0.050228,-0.011368,0.051498,0.017959
1087.000000,0.334244,0.129088,-0.080472,-0.091761,0.036528,-0.007965,0.012325,-0.008016,0.014702,0.005129
1088.000000,0.332405,0.134358,-0.033988,-0.091353,0.039415,-0.004585,-0.091626,0.021077,0.094019,0.032753
1089.000000,0.364299,0.180537,0.092597,0.074797,-0.030726,-0.006642,-0.083537,0.027023,0.087799,0.030592
1090.000000,0.367811,0.188312,0.051287,0.092013,-0.041554,-0.005008,0.013035,-0.000540,0.013046,0.004551
1091.000000,0.341058,0.159165,-0.021407,0.013217,-0.004784,-0.005107,0.064563,-0.019544,0.067456,0.023516
1092.000000,0.317618,0.134071,-0.048531,-0.061666,0.028999,-0.004851,0.029154,-0.011292,0.031264,0.010906
1093.000000,0.325213,0.149132,0.014099,0.001330,0.000964,-0.006107,0.001534,0.001343,0.002039,0.000711
1094.000000,0.324704,0.151474,0.011279,0.024019,-0.012855,-0.007132,0.018375,-0.002942,0.018609,0.006492
1095.000000,0.303831,0.128178,-0.039363,-0.042533,0.015401,-0.006886,0.000846,-0.003013,0.003130,0.001092
1096.000000,0.301874,0.134422,0.003934,-0.010890,0.006759,-0.007323,-0.026191,0.006026,0.026875,0.009375
1097.000000,0.298787,0.133827,0.008881,0.001087,-0.000009,-0.007788,-0.030563,0.008486,0.031719,0.011064
1098.000000,0.292337,0.128725,0.002783,-0.002534,0.000099,-0.007970,-0.031836,0.008272,0.032893,0.011474
1099.000000,0.290180,0.132355,0.019725,0.020957,-0.008426,-0.008214,-0.018925,0.005389,0.019677,0.006864
1100.000000,0.292396,0.143837,0.037014,0.061191,-0.024636,-0.007724,0.032057,-0.006462,0.032702,0.011407
1101.000000,0.280274,0.135162,0.002703,0.037623,-0.015796,-0.006782,0.085844,-0.022022,0.088624,0.030878
1102.000000,0.250212,0.099696,-0.073230,-0.083896,0.034720,-0.004664,0.046742,-0.016621,0.049609,0.017300
1103.000000,0.244701,0.096721,-0.074957,-0.139731,0.058320,0.002000,-0.085988,0.018092,0.087871,0.030616
1104.000000,0.278173,0.139055,0.056631,0.015780,-0.008054,0.000241,-0.139898,0.040397,0.145614,0.050622
1105.000000,0.333453,0.219207,0.153671,0.209349,-0.090191,0.005627,0.008447,0.006949,0.010938,0.003816
1106.000000,0.296822,0.169653,-0.034529,0.045311,-0.017287,0.008706,0.135553,-0.039472,0.141183,0.049092
1107.000000,0.259901,0.118526,-0.112123,-0.134571,0.063626,0.009935,0.065599,-0.025442,0.070360,0.024527
1108.000000,0.282214,0.141117,-0.008471,-0.059306,0.026476,0.009449,-0.036591,0.011092,0.038235,0.013336
1109.000000,0.301817,0.157920,0.034347,0.025664,-0.016570,0.004722,-0.046620,0.016362,0.049408,0.017230
1110.000000,0.297402,0.150739,0.011350,0.026205,-0.014908,0.001828,-0.017014,0.004397,0.017573,0.006130
1111.000000,0.288122,0.143354,0.009229,0.021894,-0.006874,-0.000423,0.009863,-0.003870,0.010595,0.003696
1112.000000,0.271841,0.122067,-0.023694,-0.032089,0.015420,-0.001517,-0.001653,-0.001518,0.002244,0.000783
1113.000000,0.266350,0.114632,-0.019657,-0.047322,0.019780,-0.001830,-0.048395,0.011665,0.049781,0.017360
1114.000000,0.279828,0.134989,0.041920,0.034538,-0.014823,-0.003580,-0.047016,0.014830,0.049299,0.017192
1115.000000,0.288863,0.152519,0.053405,0.088084,-0.037733,-0.002976,0.028340,-0.004356,0.028673,0.010002
1116.000000,0.260046,0.116453,-0.038245,-0.018327,0.007363,-0.002632,0.056750,-0.017898,0.059505,0.020748
1117.000000,0.253040,0.114854,-0.010348,-0.014036,0.009063,-0.003399,0.038833,-0.011232,0.040425,0.014099
1118.000000,0.262421,0.133296,0.031782,0.052929,-0.021112,-0.004300,0.068082,-0.014679,0.069646,0.024278
1119.000000,0.233603,0.094489,-0.072648,-0.075541,0.027875,-0.002910,0.041671,-0.014327,0.044065,0.015368
1120.000000,0.227939,0.093025,-0.060772,-0.110010,0.045791,0.001099,-0.067295,0.013490,0.068634,0.023926
1121.000000,0.242846,0.110813,0.003430,-0.046658,0.018579,0.001406,-0.149529,0.039449,0.154645,0.053737
1122.000000,0.267550,0.141735,0.080288,0.069066,-0.030661,-0.000693,-0.124438,0.036748,0.129751,0.045140
1123.000000,0.297436,0.189812,0.113632,0.169786,-0.071477,0.004445,0.021866,-0.000146,0.021866,0.007628
1124.000000,0.281378,0.177042,0.014066,0.103375,-0.038665,0.008481,0.169596,-0.045286,0.175538,0.060927
1125.000000,0.233607,0.110257,-0.119982,-0.117042,0.055589,0.009008,0.138052,-0.043929,0.144873,0.050366
1126.000000,0.242311,0.118551,-0.074098,-0.136475,0.058913,0.013900,-0.008028,-0.000387,0.008037,0.002804
1127.000000,0.271029,0.145130,0.009415,-0.032431,0.007018,0.010624,-0.092724,0.027658,0.096761,0.033705
1128.000000,0.279618,0.149285,0.025394,0.013327,-0.011846,0.005859,-0.098451,0.027084,0.102108,0.035561
1129.000000,0.299760,0.181911,0.088100,0.118006,-0.047980,0.004407,-0.012704,0.006443,0.014244,0.004969
1130.000000,0.273303,0.144445,-0.018587,0.010985,-0.002380,0.003423,0.049235,-0.015338,0.051569,0.017983
1131.000000,0.255377,0.119916,-0.041997,-0.057026,0.026576,0.002242,0.015862,-0.007092,0.017375,0.006061
1132.000000,0.270990,0.142246,0.035320,0.032553,-0.012319,-0.000417,0.011397,-0.000028,0.011397,0.003976
1133.000000,0.263309,0.131202,-0.005034,0.011845,-0.008059,-0.001715,0.034453,-0.008370,0.035455,0.012367
1134.000000,0.251527,0.120788,-0.016914,-0.008668,0.003150,-0.002742,0.034125,-0.010381,0.035669,0.012441
1135.000000,0.230980,0.094536,-0.071087,-0.108317,0.045271,-0.000003,-0.042836,0.006406,0.043312,0.015106
1136.000000,0.245973,0.114838,0.007796,-0.036677,0.015831,0.000131,-0.117614,0.031254,0.121696,0.042352
1137.000000,0.284920,0.169105,0.114274,0.130465,-0.055699,-0.000083,-0.046527,0.019070,0.050283,0.017535
1138.000000,0.280334,0.166340,0.034349,0.099141,-0.043044,0.003599,0.080508,-0.019822,0.082912,0.028893
1139.000000,0.240308,0.114258,-0.071550,-0.057589,0.027524,0.003213,0.087449,-0.028868,0.092091,0.032083
1140.000000,0.234408,0.108064,-0.048140,-0.086819,0.040397,0.004467,0.002282,-0.003317,0.004026,0.001405
1141.000000,0.267348,0.150330,0.062453,0.065767,-0.028222,0.001479,0.006437,0.004117,0.007641,0.002666
1142.000000,0.255988,0.132862,-0.009524,0.022636,-0.014605,0.000615,0.052128,-0.013323,0.053804,0.018762
1143.000000,0.226435,0.095301,-0.087640,-0.113457,0.047030,0.002620,-0.013812,-0.003126,0.014161,0.004940
1144.000000,0.232974,0.102917,-0.044155,-0.115550,0.049473,0.007041,-0.143763,0.034643,0.147878,0.051403
1145.000000,0.277625,0.156111,0.106947,0.078588,-0.034639,0.003494,-0.143939,0.044353,0.150617,0.052348
1146.000000,0.321432,0.218240,0.133592,0.201528,-0.087661,0.010458,0.028045,0.000254,0.028046,0.009783
1147.000000,0.289432,0.178184,-0.022059,0.068147,-0.023614,0.012763,0.166641,-0.047557,0.173294,0.060156
1148.000000,0.253822,0.129298,-0.086941,-0.075249,0.040842,0.010203,0.146867,-0.044651,0.153504,0.053344
1149.000000,0.251669,0.119869,-0.088710,-0.144271,0.062174,0.013931,0.014784,-0.006978,0.016348,0.005703
1150.000000,0.275295,0.139734,-0.026337,-0.086006,0.028556,0.013490,-0.109425,0.030078,0.113484,0.039507
1151.000000,0.308763,0.177952,0.082170,0.071145,-0.035347,0.007696,-0.100892,0.031135,0.105587,0.036768
1152.000000,0.316037,0.187881,0.062601,0.102605,-0.043812,0.006760,0.001210,0.001498,0.001926,0.000672
1153.000000,0.279828,0.134471,-0.055240,-0.048682,0.023106,0.004943,0.015887,-0.009480,0.018500,0.006454
1154.000000,0.272994,0.122074,-0.038399,-0.087074,0.039500,0.005152,-0.065167,0.014259,0.066709,0.023256
1155.000000,0.317052,0.179034,0.107738,0.107793,-0.045084,0.001991,-0.032748,0.015941,0.036422,0.012704
1156.000000,0.327307,0.194434,0.051407,0.130172,-0.057609,0.005400,0.104552,-0.023715,0.107208,0.037331
1157.000000,0.284032,0.138665,-0.075958,-0.030047,0.015406,0.004350,0.144357,-0.043654,0.150813,0.052416
1158.000000,0.265127,0.115745,-0.095121,-0.136509,0.062437,0.007699,0.038385,-0.016005,0.041588,0.014505
1159.000000,0.287958,0.139673,-0.007514,-0.056576,0.022112,0.007280,-0.062750,0.018410,0.065395,0.022798
1160.000000,0.292834,0.136863,-0.008630,-0.044102,0.011036,0.004293,-0.118382,0.031627,0.122534,0.042642
1161.000000,0.307282,0.157127,0.060352,0.046979,-0.021158,0.000711,-0.106986,0.029609,0.111008,0.038648
1162.000000,0.333965,0.201714,0.108284,0.155888,-0.062757,0.002858,0.019721,-0.000323,0.019724,0.006881
1163.000000,0.287001,0.131656,-0.077941,-0.058056,0.025511,0.003107,0.052675,-0.019478,0.056161,0.019583
1164.000000,0.288661,0.137542,-0.005795,-0.025960,0.015290,0.001113,0.008289,-0.002830,0.008759,0.003056
1165.000000,0.305202,0.160077,0.046245,0.061474,-0.025950,-0.001377,0.037679,-0.005588,0.038091,0.013286
1166.000000,0.278754,0.122527,-0.057373,-0.049588,0.016377,-0.001765,0.032737,-0.011379,0.034658,0.012089
1167.000000,0.277268,0.128973,-0.006931,-0.018390,0.009456,-0.002930,-0.002570,-0.000651,0.002651,0.000925
1168.000000,0.289662,0.151470,0.045555,0.063976,-0.025010,-0.004237,0.032063,-0.005252,0.032490,0.011333
1169.000000,0.270154,0.126426,-0.027025,-0.005726,0.000081,-0.004258,0.057849,-0.015996,0.060020,0.020927
1170.000000,0.250695,0.105575,-0.057083,-0.078489,0.032569,-0.002866,0.002330,-0.004525,0.005090,0.001776
1171.000000,0.243760,0.095728,-0.086499,-0.165601,0.067422,0.005243,-0.145072,0.032654,0.148702,0.051687
1172.000000,0.279117,0.135667,0.051513,-0.018647,0.004674,0.004252,-0.233943,0.063989,0.242536,0.083788
1173.000000,0.387708,0.289535,0.264433,0.317309,-0.136289,0.016326,-0.028532,0.022446,0.036303,0.012662
1174.000000,0.388970,0.295486,0.014448,0.206642,-0.074790,0.033546,0.254562,-0.069496,0.263878,0.090996
1175.000000,0.319379,0.174482,-0.215839,-0.159662,0.088790,0.029254,0.240111,-0.077599,0.252339,0.087103
1176.000000,0.358824,0.189838,-0.150112,-0.261440,0.113507,0.044369,-0.009641,-0.002812,0.010043,0.003504
1177.000000,0.432479,0.231368,0.023229,-0.091211,0.017024,0.038010,-0.190140,0.057320,0.198592,0.068829
1178.000000,0.490690,0.278498,0.158818,0.133582,-0.070474,0.024136,-0.140759,0.044793,0.147714,0.051347
1179.000000,0.497754,0.278618,0.073596,0.136630,-0.055229,0.019753,0.013185,-0.003678,0.013688,0.004775
1180.000000,0.470477,0.234405,-0.021857,0.044440,-0.008099,0.012005,0.105907,-0.031246,0.110420,0.038445
1181.000000,0.451795,0.200842,-0.046230,-0.019708,0.013702,0.004985,0.112884,-0.030746,0.116996,0.040724
1182.000000,0.436343,0.175586,-0.073465,-0.094848,0.037468,0.002632,0.039910,-0.012729,0.041891,0.014610
1183.000000,0.432419,0.168797,-0.075083,-0.154253,0.059693,0.006181,-0.107222,0.023794,0.109830,0.038240
1184.000000,0.455871,0.193971,0.045641,-0.042073,0.014114,0.003068,-0.206571,0.055193,0.213817,0.074028
1185.000000,0.519107,0.283420,0.204454,0.207868,-0.088686,0.002405,-0.085633,0.032275,0.091513,0.031882
1186.000000,0.511420,0.274620,0.030968,0.135006,-0.055506,0.007248,0.101068,-0.026312,0.104437,0.036369
1187.000000,0.468545,0.218571,-0.073290,0.001554,0.007128,0.002331,0.164381,-0.048159,0.171290,0.059467
1188.000000,0.449015,0.194459,-0.070154,-0.056918,0.028542,-0.001301,0.126671,-0.035299,0.131497,0.045744
1189.000000,0.440164,0.184375,-0.070759,-0.096378,0.037588,-0.001748,0.035564,-0.010773,0.037160,0.012961
1190.000000,0.441897,0.190374,-0.031279,-0.073962,0.026666,-0.002847,-0.058650,0.014248,0.060356,0.021044
1191.000000,0.444500,0.196849,0.017653,-0.024607,0.008453,-0.005983,-0.109463,0.028255,0.113051,0.039357
1192.000000,0.447732,0.206003,0.057174,0.033988,-0.013442,-0.009210,-0.098137,0.026737,0.101714,0.035424
1193.000000,0.438018,0.197851,0.035162,0.028125,-0.011008,-0.010880,-0.063684,0.016678,0.065832,0.022950
1194.000000,0.429241,0.194593,0.032063,0.034705,-0.012846,-0.012040,-0.027437,0.007438,0.028427,0.009916
1195.000000,0.442967,0.227882,0.072428,0.127250,-0.051384,-0.010458,0.074381,-0.014978,0.075874,0.026445
1196.000000,0.406375,0.185883,-0.054066,0.005906,-0.003848,-0.009479,0.137511,-0.037997,0.142664,0.049603
1197.000000,0.371220,0.148929,-0.127419,-0.165562,0.070559,-0.003449,0.028961,-0.015393,0.032798,0.011440
1198.000000,0.394773,0.183607,0.007032,-0.056938,0.024301,-0.001918,-0.085871,0.023565,0.089046,0.031025
1199.000000,0.430755,0.232243,0.104606,0.115422,-0.051759,-0.004708,-0.034431,0.016008,0.037970,0.013244
1200.000000,0.428246,0.234896,0.031586,0.114962,-0.050787,-0.002097,0.096307,-0.023540,0.099142,0.034532
1201.000000,0.373634,0.163078,-0.123163,-0.112923,0.050479,-0.001314,0.073488,-0.028160,0.078699,0.027428
1202.000000,0.376546,0.169184,-0.049024,-0.120166,0.054616,0.002757,-0.059422,0.012530,0.060729,0.021174
1203.000000,0.398791,0.189565,0.038074,-0.022245,0.005415,-0.000304,-0.129902,0.037454,0.135194,0.047022
1204.000000,0.406543,0.196334,0.055455,0.033042,-0.018889,-0.004227,-0.117929,0.032852,0.122419,0.042602
1205.000000,0.423433,0.229233,0.097369,0.129557,-0.053088,-0.004115,-0.015398,0.007242,0.017016,0.005936
1206.000000,0.412203,0.223184,0.023685,0.100306,-0.038702,-0.002236,0.111985,-0.028773,0.115622,0.040248
1207.000000,0.370616,0.169719,-0.083215,-0.052745,0.024908,-0.003346,0.122919,-0.036694,0.128279,0.044631
1208.000000,0.359059,0.159606,-0.066948,-0.099469,0.043192,-0.001814,0.031605,-0.011195,0.033529,0.011695
1209.000000,0.374378,0.181631,0.013273,-0.008602,0.001601,-0.004148,-0.020175,0.007667,0.021583,0.007529
1210.000000,0.372618,0.181470,0.009530,0.015907,-0.010392,-0.006596,-0.013411,0.004466,0.014135,0.004931
1211.000000,0.354399,0.162128,-0.022098,-0.027882,0.010762,-0.007622,-0.024846,0.003856,0.025143,0.008771
1212.000000,0.353792,0.169781,0.024672,0.016085,-0.003760,-0.009060,-0.026970,0.007225,0.027921,0.009740
1213.000000,0.343425,0.158986,0.002364,-0.001789,0.000625,-0.009627,-0.020817,0.005435,0.021515,0.007505
1214.000000,0.323825,0.135132,-0.041727,-0.075753,0.030299,-0.008107,-0.072797,0.015664,0.074463,0.025954
1215.000000,0.340737,0.165687,0.061968,0.040004,-0.014341,-0.009310,-0.081030,0.023392,0.084339,0.029389
1216.000000,0.360541,0.200394,0.086397,0.129315,-0.054308,-0.006673,0.024569,-0.001315,0.024604,0.008583
1217.000000,0.346906,0.191377,0.008674,0.090226,-0.037709,-0.003143,0.145192,-0.037361,0.149922,0.052108
1218.000000,0.302263,0.136898,-0.099853,-0.082272,0.037047,-0.002339,0.131526,-0.040470,0.137611,0.047858
1219.000000,0.296260,0.134466,-0.078818,-0.130639,0.057054,0.002647,0.005575,-0.005271,0.007672,0.002677
1220.000000,0.313266,0.152466,-0.016480,-0.074381,0.027114,0.003378,-0.104733,0.028352,0.108503,0.037780
1221.000000,0.340370,0.186236,0.076766,0.063641,-0.030746,-0.000549,-0.096132,0.029491,0.100554,0.035022
1222.000000,0.362416,0.222787,0.093703,0.152821,-0.064604,0.002075,0.036148,-0.005222,0.036523,0.012739
1223.000000,0.307663,0.142546,-0.106683,-0.096071,0.042469,0.002778,0.042123,-0.019279,0.046325,0.016156
1224.000000,0.308643,0.142746,-0.047308,-0.116261,0.052890,0.006006,-0.080360,0.017657,0.082277,0.028672
1225.000000,0.352875,0.193987,0.103234,0.077248,-0.034084,0.001596,-0.082005,0.028785,0.086910,0.030283
1226.000000,0.351892,0.187624,0.032945,0.066614,-0.033738,0.000683,-0.001350,0.002282,0.002651,0.000925
1227.000000,0.338342,0.177228,0.008855,0.051450,-0.019461,-0.000913,0.064123,-0.018226,0.066663,0.023240
1228.000000,0.328268,0.172456,0.005851,0.050744,-0.016248,-0.002587,0.122106,-0.031771,0.126172,0.043901
1229.000000,0.299357,0.135087,-0.072118,-0.063329,0.026591,-0.002760,0.102949,-0.029678,0.107141,0.037308
1230.000000,0.291263,0.129485,-0.066979,-0.104017,0.042387,-0.000211,0.003668,-0.003893,0.005349,0.001866
1231.000000,0.298346,0.139278,-0.026398,-0.077104,0.029566,0.000839,-0.096245,0.024238,0.099250,0.034569
1232.000000,0.309045,0.150808,0.024225,-0.015772,0.003940,-0.001419,-0.142503,0.038051,0.147496,0.051271
1233.000000,0.328291,0.178973,0.088985,0.086425,-0.036276,-0.003119,-0.091534,0.027359,0.095535,0.033279
1234.000000,0.339229,0.200678,0.076902,0.128444,-0.052749,-0.000243,0.034896,-0.005918,0.035394,0.012346
1235.000000,0.314777,0.172796,-0.012814,0.046561,-0.016617,0.000225,0.125613,-0.034419,0.130243,0.045310
1236.000000,0.277193,0.122034,-0.114284,-0.139183,0.060994,0.003115,0.053339,-0.020954,0.057307,0.019982
1237.000000,0.293286,0.141897,-0.030617,-0.094511,0.039442,0.005960,-0.074497,0.018986,0.076878,0.026795
1238.000000,0.352429,0.218719,0.134872,0.155063,-0.068123,0.003544,-0.013660,0.013008,0.018863,0.006580
1239.000000,0.330026,0.185002,-0.017699,0.052548,-0.025492,0.004665,0.093390,-0.025999,0.096941,0.033768
1240.000000,0.288895,0.128449,-0.126241,-0.155548,0.069155,0.007409,0.012987,-0.013170,0.018496,0.006453
1241.000000,0.319167,0.163978,0.028375,-0.027277,0.014846,0.005952,-0.077272,0.022500,0.080481,0.028048
1242.000000,0.344232,0.188994,0.071743,0.076583,-0.036535,0.002027,-0.038223,0.015871,0.041387,0.014435
1243.000000,0.325893,0.161503,-0.012462,0.010377,-0.008484,0.000148,0.004253,-0.002728,0.005053,0.001763
1244.000000,0.307531,0.141286,-0.025527,-0.036701,0.018056,-0.001532,-0.015664,0.000402,0.015669,0.005466
1245.000000,0.319048,0.161502,0.045765,0.046027,-0.015226,-0.003929,-0.001657,0.002908,0.003347,0.001168
1246.000000,0.320645,0.165904,0.028302,0.066020,-0.029079,-0.004158,0.064142,-0.013761,0.065602,0.022870
1247.000000,0.293727,0.133691,-0.046349,-0.025478,0.008664,-0.004347,0.077598,-0.022934,0.080916,0.028199
1248.000000,0.274095,0.113866,-0.072779,-0.108788,0.046689,-0.001416,-0.007424,-0.003107,0.008048,0.002808
1249.000000,0.285496,0.130211,-0.006351,-0.054256,0.023181,-0.000609,-0.094248,0.024679,0.097426,0.033936
1250.000000,0.299437,0.146055,0.041325,0.020058,-0.010966,-0.002915,-0.105838,0.030324,0.110096,0.038332
1251.000000,0.292913,0.136006,0.016575,0.006605,-0.005228,-0.004133,-0.092176,0.023650,0.095162,0.033149
1252.000000,0.324494,0.191902,0.116424,0.156408,-0.061981,-0.002010,0.016267,0.000968,0.016296,0.005685
1253.000000,0.337060,0.223094,0.057229,0.180932,-0.071087,0.007312,0.209714,-0.051337,0.215906,0.074740
1254.000000,0.281933,0.150003,-0.111719,-0.032514,0.020139,0.006808,0.271020,-0.076773,0.281684,0.096978
1255.000000,0.263791,0.125983,-0.196415,-0.271866,0.119874,0.022514,0.072416,-0.029982,0.078377,0.027316
1256.000000,0.335487,0.186250,-0.115268,-0.292364,0.102445,0.048098,-0.245273,0.063343,0.253320,0.087435
1257.000000,0.426534,0.253384,0.171359,0.028123,-0.038298,0.033907,-0.357774,0.104442,0.372707,0.127039
1258.000000,0.523687,0.357506,0.291673,0.269130,-0.125087,0.033552,-0.160242,0.053662,0.168988,0.058676
1259.000000,0.546233,0.374121,0.081353,0.214425,-0.077173,0.037879,0.107381,-0.029741,0.111424,0.038793
1260.000000,0.508080,0.294139,-0.088387,0.055279,-0.001641,0.024920,0.241876,-0.069697,0.251717,0.086894
1261.000000,0.487533,0.239991,-0.124127,-0.058110,0.033995,0.013938,0.226914,-0.062429,0.235345,0.081350
1262.000000,0.482371,0.220962,-0.132237,-0.148338,0.059358,0.012042,0.099767,-0.029648,0.104079,0.036245
1263.000000,0.496830,0.232524,-0.073777,-0.144267,0.053459,0.012208,-0.065327,0.014348,0.066884,0.023317
1264.000000,0.511776,0.238425,0.005051,-0.096694,0.033520,0.008146,-0.196293,0.050428,0.202667,0.070222
1265.000000,0.530530,0.253546,0.112410,0.019783,-0.010776,-0.000485,-0.227449,0.061854,0.235709,0.081474
1266.000000,0.575619,0.320605,0.194122,0.191268,-0.079962,-0.001480,-0.089339,0.030851,0.094516,0.032925
1267.000000,0.594885,0.355763,0.072706,0.213394,-0.085528,0.006781,0.141759,-0.033803,0.145734,0.050663
1268.000000,0.532059,0.267464,-0.133887,-0.003973,0.010158,0.002159,0.237628,-0.069024,0.247450,0.085451
1269.000000,0.504084,0.227064,-0.200601,-0.253312,0.113099,0.011398,0.065589,-0.027742,0.071215,0.024824
1270.000000,0.559375,0.278010,0.018571,-0.086476,0.028852,0.011290,-0.109318,0.033033,0.114200,0.039755
1271.000000,0.591337,0.307163,0.106643,0.079713,-0.043083,0.000199,-0.095379,0.030817,0.100234,0.034911
1272.000000,0.571139,0.281319,0.019765,0.042422,-0.019607,-0.005808,-0.029857,0.005551,0.030369,0.010593
1273.000000,0.547135,0.259434,0.004933,0.014615,-0.000520,-0.010992,-0.000433,-0.002420,0.002458,0.000858
1274.000000,0.539106,0.259477,0.026662,0.044801,-0.015554,-0.014723,0.036482,-0.007681,0.037282,0.013004
1275.000000,0.510154,0.229397,-0.039803,-0.027813,0.008645,-0.016366,0.038633,-0.011359,0.040268,0.014045
1276.000000,0.488633,0.216733,-0.036765,-0.058948,0.023920,-0.016466,-0.013836,0.000672,0.013852,0.004833
1277.000000,0.493648,0.240377,0.045267,0.040566,-0.015205,-0.018309,-0.013821,0.005652,0.014932,0.005209
1278.000000,0.476859,0.229743,0.002936,0.025857,-0.012773,-0.018618,0.022408,-0.005359,0.023040,0.008037
1279.000000,0.448890,0.206740,-0.034537,-0.032396,0.012699,-0.018286,0.012646,-0.006048,0.014018,0.004890
1280.000000,0.427546,0.191830,-0.037140,-0.080025,0.034919,-0.015915,-0.056331,0.010920,0.057380,0.020007
1281.000000,0.442372,0.224243,0.069005,0.046084,-0.016844,-0.017003,-0.062541,0.019385,0.065476,0.022827
1282.000000,0.428078,0.211603,0.014952,0.022483,-0.011888,-0.016749,-0.026265,0.007256,0.027249,0.009505
1283.000000,0.429126,0.230181,0.049352,0.088679,-0.036135,-0.015838,0.043971,-0.009363,0.044957,0.015679
1284.000000,0.411630,0.220886,-0.001822,0.065641,-0.027338,-0.013894,0.129547,-0.033112,0.133712,0.046510
1285.000000,0.364621,0.166743,-0.123717,-0.128798,0.053658,-0.010025,0.073435,-0.025982,0.077896,0.027148
1286.000000,0.368549,0.181616,-0.048576,-0.117488,0.050295,-0.004249,-0.065016,0.014324,0.066575,0.023209
1287.000000,0.380444,0.193818,0.012571,-0.059770,0.021385,-0.004369,-0.159625,0.042418,0.165165,0.057360
1288.000000,0.417258,0.247014,0.135980,0.124484,-0.053878,-0.006528,-0.103415,0.032986,0.108548,0.037795
1289.000000,0.438422,0.285111,0.093464,0.183388,-0.076638,0.000596,0.077277,-0.016034,0.078923,0.027506
1290.000000,0.379419,0.202392,-0.107901,-0.052736,0.026621,-0.000072,0.126606,-0.040745,0.133001,0.046264
1291.000000,0.366512,0.186348,-0.079325,-0.122834,0.057023,0.001941,0.019590,-0.009627,0.021828,0.007615
1292.000000,0.395774,0.219106,0.044123,0.016396,-0.008816,-0.002142,-0.026235,0.011756,0.028749,0.010028
1293.000000,0.392682,0.212288,0.010057,0.026800,-0.017469,-0.005413,-0.000557,0.001516,0.001615,0.000563
1294.000000,0.369047,0.185781,-0.034110,-0.034694,0.013714,-0.007074,-0.011472,-0.000886,0.011506,0.004014
1295.000000,0.361320,0.182264,0.000512,-0.024598,0.014071,-0.008335,-0.044162,0.009866,0.045251,0.015781
1296.000000,0.369035,0.196716,0.046875,0.043346,-0.016741,-0.010023,-0.026439,0.009691,0.028159,0.009823
1297.000000,0.355651,0.181341,0.000704,0.012374,-0.007783,-0.010408,0.001920,-0.000380,0.001957,0.000683
1298.000000,0.344802,0.176346,0.004173,0.014392,-0.005653,-0.010959,0.017381,-0.005214,0.018146,0.006330
1299.000000,0.324338,0.155117,-0.031538,-0.042368,0.018299,-0.010363,-0.004516,-0.001356,0.004715,0.001645
1300.000000,0.329795,0.171255,0.028740,0.025849,-0.009027,-0.011031,-0.006703,0.003356,0.007496,0.002615
1301.000000,0.337593,0.190146,0.045737,0.087703,-0.037636,-0.009863,0.064449,-0.013157,0.065778,0.022932
1302.000000,0.299057,0.141891,-0.075808,-0.062183,0.023534,-0.008183,0.063251,-0.020987,0.066642,0.023233
1303.000000,0.285482,0.132081,-0.073210,-0.128997,0.055735,-0.002712,-0.052257,0.008299,0.052912,0.018451
1304.000000,0.315681,0.173011,0.061282,0.024807,-0.009439,-0.004368,-0.095264,0.028751,0.099508,0.034659
1305.000000,0.330768,0.193082,0.068679,0.093199,-0.042508,-0.004382,-0.021007,0.009834,0.023195,0.008091
1306.000000,0.302387,0.156154,-0.028684,-0.008526,0.002133,-0.004395,0.016380,-0.007563,0.018042,0.006294
1307.000000,0.295206,0.155102,0.006203,0.006168,0.001922,-0.005805,0.016595,-0.005437,0.017463,0.006092
1308.000000,0.292897,0.155510,0.012888,0.022811,-0.008225,-0.006767,0.034838,-0.007588,0.035655,0.012436
1309.000000,0.274825,0.132825,-0.038085,-0.040625,0.014315,-0.006524,0.018054,-0.006250,0.019105,0.006665
1310.000000,0.266815,0.127995,-0.027264,-0.052836,0.021677,-0.005747,-0.036346,0.007320,0.037076,0.012932
1311.000000,0.299762,0.181711,0.093582,0.117955,-0.047234,-0.005854,0.018750,0.000674,0.018762,0.006545
1312.000000,0.276805,0.151827,-0.020920,0.026383,-0.013498,-0.004107,0.091153,-0.024484,0.094384,0.032879
1313.000000,0.240412,0.104529,-0.137051,-0.188233,0.078971,0.003596,-0.023265,-0.003247,0.023490,0.008194
1314.000000,0.270812,0.140964,-0.006254,-0.094284,0.039053,0.008381,-0.173365,0.045373,0.179204,0.062186
1315.000000,0.339715,0.227129,0.178224,0.175472,-0.077668,0.006482,-0.098239,0.036501,0.104801,0.036496
1316.000000,0.364572,0.262202,0.083248,0.198349,-0.084231,0.016686,0.115633,-0.026658,0.118666,0.041303
1317.000000,0.303423,0.171367,-0.119335,-0.058304,0.034011,0.013963,0.167516,-0.053674,0.175905,0.061053
1318.000000,0.297054,0.154432,-0.092512,-0.139727,0.066986,0.015722,0.046100,-0.017046,0.049151,0.017141
1319.000000,0.322901,0.170397,-0.017454,-0.078520,0.027653,0.013828,-0.071151,0.021260,0.074259,0.025883
1320.000000,0.339824,0.180290,0.026225,-0.004970,-0.006650,0.007483,-0.110445,0.031292,0.114792,0.039960
1321.000000,0.350239,0.193369,0.062833,0.066361,-0.029390,0.002970,-0.067862,0.019143,0.070510,0.024579
1322.000000,0.350926,0.198139,0.051297,0.088017,-0.033735,0.001438,0.022083,-0.004655,0.022568,0.007873
1323.000000,0.337892,0.183782,0.006401,0.055552,-0.020012,0.000023,0.100136,-0.026021,0.103462,0.036031
1324.000000,0.302610,0.134487,-0.094200,-0.105827,0.044731,0.000723,0.054535,-0.019531,0.057927,0.020198
1325.000000,0.310292,0.147002,-0.024240,-0.069491,0.029539,0.001350,-0.041157,0.009905,0.042332,0.014764
1326.000000,0.327591,0.168280,0.040050,0.025579,-0.012881,-0.001890,-0.056046,0.017775,0.058797,0.020501
1327.000000,0.318370,0.154705,0.002269,0.003835,-0.004805,-0.003711,-0.041629,0.010453,0.042921,0.014970
1328.000000,0.329652,0.180056,0.063065,0.091243,-0.035674,-0.004547,0.021633,-0.003253,0.021876,0.007631
1329.000000,0.319268,0.172820,0.013512,0.068224,-0.027170,-0.003562,0.109828,-0.027761,0.113282,0.039437
1330.000000,0.278543,0.119138,-0.107709,-0.118353,0.049766,-0.001108,0.061656,-0.022456,0.065618,0.022876
1331.000000,0.281119,0.123655,-0.093389,-0.186356,0.076946,0.009632,-0.117854,0.025582,0.120599,0.041972
1332.000000,0.335225,0.185674,0.104573,0.047910,-0.023995,0.005460,-0.171402,0.051476,0.178965,0.062104
1333.000000,0.383267,0.248789,0.146254,0.196568,-0.087221,0.009161,-0.016712,0.012404,0.020812,0.007260
1334.000000,0.359128,0.217476,-0.005928,0.090008,-0.033835,0.011391,0.134414,-0.038214,0.139741,0.048594
1335.000000,0.318521,0.159549,-0.091833,-0.071597,0.038989,0.008064,0.127432,-0.040048,0.133577,0.046463
1336.000000,0.319088,0.154637,-0.053536,-0.089999,0.040721,0.007546,0.033546,-0.009991,0.035002,0.012209
1337.000000,0.327794,0.157775,-0.028353,-0.070210,0.023752,0.005627,-0.055206,0.015194,0.057259,0.019965
1338.000000,0.339664,0.170962,0.025499,0.003538,-0.005858,0.001296,-0.085167,0.023526,0.088357,0.030785
1339.000000,0.360274,0.204309,0.085794,0.115219,-0.047597,-0.000298,-0.005892,0.005222,0.007873,0.002747
1340.000000,0.326391,0.156272,-0.042705,-0.020972,0.009292,-0.001107,0.033283,-0.012378,0.035510,0.012386
1341.000000,0.308828,0.133901,-0.055615,-0.096281,0.042733,-0.000017,-0.041209,0.006484,0.041716,0.014549
1342.000000,0.326993,0.157002,0.038332,0.000458,0.000480,-0.002172,-0.085462,0.024798,0.088987,0.031004
1343.000000,0.336337,0.168373,0.050123,0.054239,-0.025587,-0.004040,-0.048718,0.015776,0.051209,0.017858
1344.000000,0.349798,0.196465,0.070161,0.128346,-0.053564,-0.002012,0.062796,-0.012991,0.064126,0.022357
1345.000000,0.319197,0.161569,-0.031697,0.026843,-0.008999,-0.001468,0.140268,-0.039114,0.145619,0.050624
1346.000000,0.291319,0.129768,-0.074546,-0.075016,0.034655,-0.001318,0.102121,-0.030803,0.106665,0.037142
1347.000000,0.291024,0.132807,-0.042432,-0.072554,0.030564,-0.000389,0.018564,-0.005725,0.019427,0.006777
1348.000000,0.291327,0.132306,-0.037827,-0.076546,0.027847,0.000068,-0.066457,0.016465,0.068466,0.023868
1349.000000,0.302497,0.148177,0.023952,-0.004053,-0.000517,-0.002160,-0.104574,0.028158,0.108299,0.037709
1350.000000,0.301561,0.146747,0.028415,0.013293,-0.006219,-0.004002,-0.097557,0.025581,0.100855,0.035126
1351.000000,0.300403,0.147757,0.037646,0.032683,-0.012283,-0.005187,-0.069473,0.018607,0.071922,0.025070
1352.000000,0.307149,0.162921,0.059287,0.081195,-0.032079,-0.004995,0.000333,0.002486,0.002508,0.000875
1353.000000,0.301368,0.161850,0.026238,0.074037,-0.030301,-0.003651,0.087797,-0.021446,0.090378,0.031488
1354.000000,0.271769,0.126841,-0.049515,-0.028231,0.012351,-0.003599,0.103086,-0.029868,0.107326,0.037371
1355.000000,0.259860,0.117962,-0.043988,-0.058241,0.025936,-0.003036,0.050816,-0.015471,0.053119,0.018523
1356.000000,0.260515,0.122103,-0.021082,-0.040353,0.016052,-0.003080,-0.003288,0.000842,0.003394,0.001184
1357.000000,0.270067,0.138764,0.023676,0.028683,-0.013645,-0.004523,-0.002588,0.002879,0.003871,0.001351
1358.000000,0.268562,0.142516,0.020853,0.049809,-0.022090,-0.004670,0.044304,-0.010320,0.045490,0.015865
1359.000000,0.232780,0.094417,-0.096813,-0.123498,0.050670,-0.001189,-0.015868,-0.002506,0.016065,0.005604
1360.000000,0.239746,0.103911,-0.056221,-0.138529,0.057897,0.006011,-0.165855,0.039730,0.170547,0.059212
1361.000000,0.290319,0.165212,0.122426,0.083038,-0.036727,0.002636,-0.173635,0.052387,0.181366,0.062928
1362.000000,0.312755,0.193063,0.101216,0.137783,-0.062021,0.005596,-0.042173,0.015932,0.045082,0.015723
1363.000000,0.322699,0.218777,0.069337,0.167852,-0.065413,0.011263,0.133977,-0.033414,0.138081,0.048020
1364.000000,0.291061,0.182350,-0.035325,0.062887,-0.015659,0.010590,0.253220,-0.069326,0.262538,0.090545
1365.000000,0.249490,0.119273,-0.188243,-0.221469,0.100002,0.017671,0.132179,-0.044653,0.139518,0.048517
1366.000000,0.294388,0.163255,-0.076956,-0.175630,0.067498,0.027913,-0.087795,0.022600,0.090657,0.031585
1367.000000,0.360964,0.228565,0.117164,0.091330,-0.049080,0.018058,-0.106876,0.036941,0.113080,0.039367
1368.000000,0.361224,0.216530,0.037412,0.078862,-0.038212,0.013628,-0.011235,0.003248,0.011695,0.004080
1369.000000,0.317829,0.142923,-0.117380,-0.161552,0.069901,0.013865,-0.082907,0.011558,0.083709,0.029170
1370.000000,0.347224,0.166866,0.034094,-0.063515,0.027983,0.012545,-0.199752,0.053741,0.206855,0.071653
1371.000000,0.444617,0.290194,0.243080,0.258454,-0.113126,0.014198,-0.054514,0.029133,0.061810,0.021550
1372.000000,0.473360,0.327690,0.049418,0.243871,-0.096337,0.030429,0.226398,-0.058209,0.233761,0.080813
1373.000000,0.393703,0.193871,-0.229668,-0.145376,0.080445,0.025558,0.239364,-0.078231,0.251824,0.086929
1374.000000,0.426781,0.204100,-0.153943,-0.262124,0.116872,0.040032,-0.004119,-0.005573,0.006930,0.002418
1375.000000,0.508839,0.258334,0.078486,-0.010833,-0.011685,0.029147,-0.131900,0.044629,0.139246,0.048423
1376.000000,0.558198,0.301464,0.127868,0.167437,-0.081672,0.019735,-0.023807,0.013281,0.027261,0.009509
1377.000000,0.509423,0.222365,-0.075018,-0.027477,0.015229,0.012221,0.035354,-0.017837,0.039599,0.013811
1378.000000,0.490643,0.186590,-0.069932,-0.136992,0.065129,0.010703,-0.069114,0.011931,0.070136,0.024449
1379.000000,0.541785,0.242980,0.130053,0.088055,-0.037158,0.002710,-0.073147,0.028098,0.078358,0.027309
1380.000000,0.529065,0.217853,0.010339,0.034087,-0.022161,-0.001553,-0.009387,0.003481,0.010012,0.003493
1381.000000,0.498511,0.183804,-0.042629,-0.050086,0.021382,-0.004912,-0.027271,0.001816,0.027331,0.009534
1382.000000,0.520485,0.228694,0.088688,0.105442,-0.037796,-0.008590,0.020557,-0.001140,0.020589,0.007182
1383.000000,0.519439,0.236439,0.023046,0.116384,-0.049979,-0.006796,0.147759,-0.034624,0.151761,0.052743
1384.000000,0.463134,0.167942,-0.139319,-0.106677,0.043135,-0.006155,0.129990,-0.041147,0.136347,0.047421
1385.000000,0.456513,0.168874,-0.128096,-0.232450,0.098667,0.008201,-0.074789,0.011127,0.075612,0.026354
1386.000000,0.506212,0.221615,0.077502,-0.029222,0.007337,0.006070,-0.201517,0.057725,0.209622,0.072597
1387.000000,0.572790,0.308662,0.200295,0.216037,-0.097336,0.004967,-0.069102,0.029012,0.074945,0.026122
1388.000000,0.570741,0.310500,0.029449,0.171152,-0.069234,0.011233,0.145277,-0.038384,0.150262,0.052226
1389.000000,0.501002,0.207326,-0.174861,-0.133989,0.067271,0.007898,0.133935,-0.046934,0.141920,0.049346
1390.000000,0.513036,0.211997,-0.079954,-0.174406,0.077054,0.013663,-0.044878,0.008646,0.045703,0.015939
1391.000000,0.559605,0.253823,0.088679,0.023178,-0.018141,0.004970,-0.109713,0.036312,0.115566,0.040228
1392.000000,0.567004,0.260113,0.064128,0.080685,-0.041383,-0.001383,-0.044502,0.014277,0.046736,0.016299
1393.000000,0.534657,0.223161,-0.019380,-0.000509,0.002019,-0.005913,-0.007458,-0.002532,0.007876,0.002748
1394.000000,0.519890,0.213687,0.008073,-0.000528,0.006182,-0.009925,-0.008106,0.000902,0.008156,0.002845
1395.000000,0.528282,0.235225,0.054197,0.082049,-0.033271,-0.012481,0.046935,-0.007725,0.047566,0.016589
1396.000000,0.493701,0.196428,-0.056008,-0.025685,0.006234,-0.013286,0.067813,-0.019821,0.070650,0.024628
1397.000000,0.471273,0.183724,-0.050414,-0.067140,0.028674,-0.012952,0.010880,-0.006676,0.012765,0.004453
1398.000000,0.470140,0.195465,0.010275,-0.013780,0.007621,-0.013993,-0.029491,0.007988,0.030554,0.010658
1399.000000,0.471466,0.208021,0.035465,0.044048,-0.019463,-0.015321,-0.006220,0.004165,0.007486,0.002612
1400.000000,0.449853,0.189821,-0.013989,0.001176,-0.002835,-0.015475,0.014991,-0.005040,0.015816,0.005517
1401.000000,0.432850,0.182315,-0.009117,-0.009021,0.004928,-0.015690,0.009509,-0.004091,0.010352,0.003611
1402.000000,0.415556,0.170470,-0.019711,-0.037435,0.016604,-0.015060,-0.019939,0.003448,0.020235,0.007059
1403.000000,0.403988,0.164003,-0.015003,-0.051513,0.021687,-0.013869,-0.072152,0.017164,0.074165,0.025851
1404.000000,0.412577,0.185873,0.054316,0.035991,-0.014034,-0.014623,-0.071969,0.020836,0.074924,0.026115
1405.000000,0.416159,0.201413,0.057408,0.084434,-0.035907,-0.013382,0.001501,0.002392,0.002824,0.000985
1406.000000,0.392686,0.180023,-0.010253,0.025607,-0.011120,-0.012305,0.057923,-0.016335,0.060182,0.020983
1407.000000,0.369008,0.159840,-0.034443,-0.028554,0.013548,-0.011988,0.050679,-0.015681,0.053050,0.018499
1408.000000,0.372179,0.176471,0.020505,0.037154,-0.014016,-0.012593,0.062703,-0.014149,0.064280,0.022410
1409.000000,0.349604,0.152827,-0.044020,-0.030321,0.009292,-0.011894,0.059654,-0.016750,0.061961,0.021603
1410.000000,0.330760,0.138346,-0.062190,-0.091777,0.037321,-0.009018,-0.016118,0.000145,0.016119,0.005623
1411.000000,0.329893,0.142959,-0.027014,-0.086729,0.036635,-0.005868,-0.117027,0.028150,0.120365,0.041891
1412.000000,0.350057,0.171576,0.066943,0.029915,-0.012388,-0.007646,-0.137184,0.038719,0.142543,0.049562
1413.000000,0.395238,0.242580,0.144851,0.197227,-0.083439,-0.002084,0.009439,0.005539,0.010944,0.003818
1414.000000,0.371579,0.216961,-0.008513,0.095304,-0.038193,0.003193,0.164604,-0.044503,0.170514,0.059200
1415.000000,0.318256,0.142867,-0.164608,-0.181766,0.082652,0.007391,0.086072,-0.033435,0.092338,0.032169
1416.000000,0.345260,0.169020,-0.061255,-0.165918,0.069157,0.016705,-0.108889,0.026804,0.112140,0.039041
1417.000000,0.410088,0.236546,0.136945,0.099450,-0.049751,0.009100,-0.118176,0.040741,0.125002,0.043496
1418.000000,0.424222,0.248650,0.070513,0.131243,-0.060966,0.008901,0.016246,-0.001308,0.016299,0.005686
1419.000000,0.380846,0.187110,-0.064476,-0.029463,0.016919,0.005231,0.057116,-0.021958,0.061191,0.021335
1420.000000,0.382376,0.191931,0.012111,0.017427,0.000804,0.000206,0.055085,-0.013998,0.056836,0.019818
1421.000000,0.376678,0.180785,-0.009454,0.007297,-0.004553,-0.003107,0.068050,-0.015819,0.069864,0.024354
1422.000000,0.350753,0.146802,-0.087932,-0.113541,0.042797,-0.002003,-0.004915,-0.003364,0.005956,0.002078
1423.000000,0.357976,0.161951,-0.009110,-0.063088,0.026689,-0.001683,-0.099846,0.024403,0.102785,0.035796
1424.000000,0.383849,0.198536,0.088615,0.077003,-0.031595,-0.004806,-0.077175,0.024719,0.081037,0.028241
1425.000000,0.375482,0.187415,0.025956,0.051693,-0.023981,-0.005198,-0.006758,0.002700,0.007277,0.002539
1426.000000,0.361337,0.176264,0.007540,0.033447,-0.012496,-0.006353,0.039717,-0.011268,0.041284,0.014399
1427.000000,0.346945,0.164632,-0.006374,0.012732,-0.003061,-0.007480,0.063839,-0.017240,0.066126,0.023053
1428.000000,0.324980,0.139379,-0.053419,-0.064656,0.026577,-0.006854,0.026231,-0.009451,0.027882,0.009726
1429.000000,0.325888,0.147297,-0.008008,-0.030741,0.012724,-0.007032,-0.024374,0.006210,0.025153,0.008774
1430.000000,0.326607,0.152453,0.012636,0.003185,-0.002558,-0.008074,-0.036495,0.010347,0.037933,0.013231
1431.000000,0.328877,0.162675,0.034083,0.048749,-0.020718,-0.008598,-0.002173,0.002169,0.003070,0.001071
1432.000000,0.312673,0.146906,-0.006294,0.010277,-0.004587,-0.008426,0.027332,-0.008055,0.028494,0.009940
1433.000000,0.291459,0.123863,-0.043127,-0.060426,0.025885,-0.007266,-0.008643,-0.001024,0.008703,0.003036
1434.000000,0.293443,0.132008,0.003003,-0.024519,0.011695,-0.007103,-0.053184,0.013780,0.054940,0.019158
1435.000000,0.309346,0.158432,0.059344,0.069344,-0.029225,-0.007606,-0.017806,0.008455,0.019711,0.006876
1436.000000,0.289305,0.133497,-0.016870,-0.000587,-0.002327,-0.006960,0.013873,-0.004942,0.014727,0.005138
1437.000000,0.294050,0.152809,0.039713,0.067492,-0.025319,-0.007164,0.059191,-0.013888,0.060798,0.021198
1438.000000,0.272602,0.128968,-0.025762,-0.001133,0.000430,-0.006559,0.089762,-0.024379,0.093014,0.032403
1439.000000,0.244625,0.094961,-0.113005,-0.160697,0.066195,0.000031,-0.018921,-0.001758,0.019002,0.006629
1440.000000,0.274885,0.137352,0.028550,-0.020092,0.008588,0.000338,-0.106726,0.030014,0.110866,0.038599
1441.000000,0.299843,0.169448,0.081561,0.092297,-0.041527,-0.001130,-0.053748,0.019199,0.057074,0.019901
1442.000000,0.284056,0.148691,0.004629,0.035099,-0.016705,-0.000974,0.012618,-0.004273,0.013322,0.004648
1443.000000,0.272181,0.140215,0.005693,0.023245,-0.006043,-0.002348,0.044517,-0.012908,0.046351,0.016165
1444.000000,0.250052,0.110467,-0.050319,-0.068142,0.029751,-0.001825,0.009332,-0.005446,0.010805,0.003769
1445.000000,0.252605,0.115168,-0.015656,-0.049129,0.020308,-0.001564,-0.055285,0.014059,0.057045,0.019891
1446.000000,0.297267,0.181832,0.115546,0.150003,-0.062955,-0.001009,0.023119,0.001485,0.023167,0.008082
1447.000000,0.270097,0.145900,-0.026142,0.034169,-0.016444,0.001224,0.115495,-0.031894,0.119818,0.041702
1448.000000,0.235101,0.102302,-0.105658,-0.129366,0.057256,0.003989,0.044067,-0.019153,0.048049,0.016757
1449.000000,0.246741,0.115728,-0.046572,-0.117739,0.050335,0.008732,-0.094762,0.022955,0.097503,0.033962
1450.000000,0.285314,0.158464,0.076343,0.049081,-0.024732,0.004565,-0.115900,0.036309,0.121454,0.042268
1451.000000,0.299762,0.175680,0.070534,0.103047,-0.047761,0.004266,-0.023633,0.009732,0.025558,0.008916
1452.000000,0.295288,0.178081,0.038221,0.102422,-0.039881,0.005313,0.092852,-0.024241,0.095964,0.033428
1453.000000,0.252465,0.118043,-0.087813,-0.082701,0.039310,0.004984,0.084336,-0.028388,0.088986,0.031004
1454.000000,0.250139,0.112050,-0.076137,-0.141317,0.060770,0.009837,-0.048878,0.009167,0.049730,0.017342
1455.000000,0.294118,0.162784,0.075446,0.049199,-0.023974,0.005606,-0.080934,0.027495,0.085477,0.029784
1456.000000,0.295844,0.159638,0.031233,0.055176,-0.028860,0.003537,-0.020888,0.007265,0.022115,0.007715
1457.000000,0.279086,0.140601,-0.004600,0.014190,-0.004713,0.001462,0.014216,-0.006189,0.015505,0.005409
1458.000000,0.287388,0.160871,0.049586,0.084376,-0.029586,-0.000165,0.077573,-0.018063,0.079648,0.027758
1459.000000,0.269701,0.138602,-0.018890,0.022524,-0.009064,-0.000687,0.131769,-0.034217,0.136139,0.047349
1460.000000,0.236477,0.094870,-0.132027,-0.172717,0.070894,0.005180,0.025832,-0.014284,0.029518,0.010297
1461.000000,0.258799,0.123168,-0.050479,-0.136079,0.054405,0.012303,-0.145048,0.035951,0.149437,0.051941
1462.000000,0.299848,0.166527,0.086129,0.040706,-0.022264,0.007195,-0.180050,0.052631,0.187585,0.065061
1463.000000,0.324721,0.196133,0.106755,0.126515,-0.057111,0.006674,-0.075599,0.024547,0.079484,0.027701
1464.000000,0.315824,0.186895,0.037657,0.089885,-0.035241,0.007170,0.043410,-0.011890,0.045009,0.015697
1465.000000,0.313291,0.192172,0.032417,0.105340,-0.036145,0.006183,0.155534,-0.039851,0.160558,0.055774
1466.000000,0.281610,0.148567,-0.062870,-0.014782,0.009851,0.003989,0.194022,-0.053023,0.201137,0.069699
1467.000000,0.259581,0.120553,-0.118753,-0.148316,0.062601,0.007467,0.087023,-0.028283,0.091504,0.031879
1468.000000,0.276354,0.140907,-0.061309,-0.125966,0.049423,0.011703,-0.066098,0.015647,0.067925,0.023679
1469.000000,0.295071,0.154653,-0.006482,-0.068987,0.021585,0.009631,-0.170253,0.045270,0.176169,0.061144
1470.000000,0.307537,0.161112,0.043952,-0.009360,-0.001022,0.004873,-0.208032,0.055262,0.215247,0.074516
1471.000000,0.329472,0.188895,0.113293,0.093269,-0.038655,0.001836,-0.149211,0.042363,0.155108,0.053897
1472.000000,0.392995,0.287402,0.173259,0.266252,-0.107641,0.013349,0.072458,-0.010050,0.073152,0.025498
1473.000000,0.371273,0.261463,-0.027065,0.145382,-0.049039,0.020884,0.291702,-0.079145,0.302248,0.103849
1474.000000,0.313301,0.168779,-0.200719,-0.156437,0.079948,0.019071,0.251703,-0.077024,0.263224,0.090776
1475.000000,0.345145,0.189756,-0.172145,-0.284264,0.120038,0.038399,-0.011492,-0.004053,0.012186,0.004251
1476.000000,0.420583,0.239081,0.000343,-0.136307,0.035274,0.038437,-0.232223,0.066367,0.241520,0.083444
1477.000000,0.502493,0.314750,0.221627,0.173628,-0.087943,0.024796,-0.176181,0.056996,0.185171,0.064233
1478.000000,0.508019,0.305501,0.075074,0.133323,-0.054817,0.021377,-0.005660,0.000773,0.005713,0.001993
1479.000000,0.480461,0.256426,-0.020794,0.037261,-0.004679,0.012094,0.080803,-0.025107,0.084614,0.029484
1480.000000,0.457746,0.211792,-0.060281,-0.063559,0.031388,0.005539,0.055115,-0.016935,0.057658,0.020104
1481.000000,0.457089,0.203428,-0.027804,-0.066356,0.025288,0.001600,-0.018893,0.004879,0.019513,0.006807
1482.000000,0.481838,0.238612,0.068137,0.080404,-0.036138,-0.003910,0.004553,0.003434,0.005703,0.001990
1483.000000,0.455986,0.206391,-0.031135,0.005083,-0.004767,-0.006484,0.045270,-0.013930,0.047365,0.016518
1484.000000,0.428789,0.177938,-0.060127,-0.079348,0.035226,-0.006960,-0.005722,-0.003470,0.006692,0.002335
1485.000000,0.428365,0.182438,-0.000537,-0.051289,0.023601,-0.007428,-0.077028,0.019411,0.079436,0.027684
1486.000000,0.451748,0.219107,0.087285,0.084415,-0.035988,-0.009891,-0.043971,0.016713,0.047040,0.016405
1487.000000,0.452177,0.228225,0.042647,0.106084,-0.047181,-0.007978,0.066543,-0.014678,0.068143,0.023755
1488.000000,0.418433,0.194014,-0.042739,0.016506,-0.005799,-0.008281,0.126970,-0.036107,0.132004,0.045919
1489.000000,0.383426,0.155748,-0.105972,-0.130788,0.057677,-0.005022,0.046669,-0.018629,0.050250,0.017524
1490.000000,0.388070,0.162537,-0.076522,-0.179413,0.073249,0.005023,-0.133843,0.031145,0.137419,0.047791
1491.000000,0.429797,0.208808,0.093705,0.011561,-0.010238,0.001003,-0.208817,0.059563,0.217146,0.075163
1492.000000,0.493556,0.298535,0.196060,0.229557,-0.100432,0.004779,-0.048635,0.022410,0.053550,0.018673
1493.000000,0.481228,0.286127,0.013307,0.146310,-0.056577,0.011148,0.155339,-0.042301,0.160996,0.055925
1494.000000,0.427734,0.209263,-0.119859,-0.053767,0.033384,0.006049,0.186394,-0.056383,0.194735,0.067510
1495.000000,0.416907,0.188694,-0.115067,-0.162533,0.072539,0.009206,0.052028,-0.018282,0.055147,0.019230
1496.000000,0.443998,0.212259,-0.011397,-0.078237,0.026241,0.007430,-0.075548,0.022120,0.078720,0.027435
1497.000000,0.457038,0.222138,0.038277,0.002869,-0.008365,0.000540,-0.109590,0.030522,0.113761,0.039603
1498.000000,0.453266,0.218287,0.042841,0.028986,-0.012911,-0.004379,-0.088728,0.022697,0.091585,0.031907
1499.000000,0.456193,0.230252,0.067153,0.082617,-0.030935,-0.006996,-0.019765,0.006861,0.020922,0.007299
1500.000000,0.439360,0.212317,0.008095,0.041985,-0.016413,-0.008317,0.046721,-0.012001,0.048238,0.016822
1501.000000,0.425424,0.203046,-0.004422,0.033147,-0.013143,-0.009974,0.088630,-0.022826,0.091522,0.031885
1502.000000,0.394279,0.168722,-0.071844,-0.072451,0.029252,-0.009570,0.055335,-0.018129,0.058229,0.020303
1503.000000,0.387874,0.170262,-0.035445,-0.071614,0.030447,-0.008282,-0.026328,0.004809,0.026764,0.009336
1504.000000,0.397226,0.188581,0.030620,0.009862,-0.004612,-0.010064,-0.052885,0.015752,0.055181,0.019242
1505.000000,0.394696,0.190882,0.028543,0.036376,-0.017143,-0.011153,-0.023885,0.007542,0.025047,0.008738
1506.000000,0.379020,0.178284,0.001993,0.013232,-0.005694,-0.011551,0.001838,-0.001554,0.002407,0.000840
1507.000000,0.363918,0.167366,-0.005565,-0.006031,0.004207,-0.011826,0.003886,-0.002321,0.004526,0.001579
1508.000000,0.356005,0.165056,0.003790,0.001500,0.000417,-0.012088,0.002100,-0.000432,0.002144,0.000748
1509.000000,0.342743,0.153515,-0.014907,-0.023429,0.008756,-0.011756,-0.013027,0.002527,0.013270,0.004629
1510.000000,0.336641,0.153748,0.002647,-0.009359,0.003973,-0.011690,-0.030241,0.007428,0.031140,0.010862
1511.000000,0.337948,0.164468,0.031748,0.037795,-0.015080,-0.011805,-0.009136,0.003810,0.009899,0.003453
1512.000000,0.340171,0.177991,0.039419,0.080651,-0.033750,-0.010332,0.062805,-0.013773,0.064297,0.022416
1513.000000,0.315622,0.153545,-0.027691,0.011746,-0.005743,-0.009214,0.108259,-0.029499,0.112206,0.039064
1514.000000,0.283449,0.117700,-0.104330,-0.137688,0.058062,-0.004177,0.021029,-0.011972,0.024198,0.008441
1515.000000,0.292249,0.131366,-0.061617,-0.149725,0.061505,0.004401,-0.142992,0.034152,0.147014,0.051105
1516.000000,0.336361,0.183599,0.102152,0.051633,-0.025035,0.000732,-0.177254,0.052163,0.184770,0.064096
1517.000000,0.403720,0.280247,0.181813,0.253087,-0.109111,0.010029,0.016863,0.005607,0.017771,0.006199
1518.000000,0.361997,0.221715,-0.048738,0.063725,-0.020875,0.013378,0.176285,-0.051647,0.183695,0.063727
1519.000000,0.320443,0.156963,-0.148034,-0.165964,0.080150,0.014408,0.093517,-0.034461,0.099664,0.034713
1520.000000,0.352429,0.183249,-0.017667,-0.083960,0.035176,0.014317,-0.039762,0.012467,0.041671,0.014534
1521.000000,0.378226,0.201960,0.042939,0.023711,-0.018299,0.007032,-0.062436,0.021123,0.065912,0.022979
1522.000000,0.382610,0.206214,0.039324,0.067581,-0.032120,0.002760,-0.005866,0.002674,0.006447,0.002249
1523.000000,0.351051,0.162570,-0.047863,-0.047523,0.021674,0.000326,-0.006558,-0.003455,0.007412,0.002586
1524.000000,0.345619,0.155635,-0.012691,-0.053520,0.026319,-0.001006,-0.064575,0.015032,0.066302,0.023114
1525.000000,0.371142,0.189822,0.080363,0.075477,-0.031201,-0.003970,-0.038512,0.015362,0.041463,0.014461
1526.000000,0.381231,0.207759,0.055214,0.119162,-0.052741,-0.001981,0.076605,-0.016092,0.078277,0.027281
1527.000000,0.338346,0.153481,-0.075394,-0.038633,0.016587,-0.002244,0.105763,-0.033017,0.110797,0.038575
1528.000000,0.318563,0.132089,-0.095038,-0.147928,0.065713,0.002778,-0.011585,-0.003387,0.012070,0.004211
1529.000000,0.351380,0.172269,0.045828,0.002776,-0.001390,0.000528,-0.078103,0.024568,0.081876,0.028533
1530.000000,0.365277,0.187668,0.055661,0.071121,-0.034936,-0.001962,-0.028861,0.011626,0.031115,0.010853
1531.000000,0.347503,0.167366,-0.003228,0.024810,-0.011917,-0.003168,0.020788,-0.007146,0.021982,0.007668
1532.000000,0.321837,0.137089,-0.045780,-0.061813,0.028744,-0.003459,-0.009381,-0.002064,0.009605,0.003351
1533.000000,0.330466,0.152650,0.026720,0.006485,0.000468,-0.005188,-0.033650,0.010305,0.035193,0.012275
1534.000000,0.343901,0.173908,0.054678,0.080725,-0.035321,-0.005786,0.023758,-0.001836,0.023829,0.008313
1535.000000,0.319012,0.143850,-0.031144,-0.003263,-0.001452,-0.005648,0.058978,-0.017342,0.061475,0.021434
1536.000000,0.301498,0.129580,-0.035268,-0.042369,0.019703,-0.005682,0.028971,-0.010641,0.030863,0.010766
1537.000000,0.299105,0.131773,-0.008458,-0.025486,0.012304,-0.005978,-0.007798,0.001835,0.008011,0.002795
1538.000000,0.294504,0.127312,-0.011992,-0.028789,0.010214,-0.006240,-0.039024,0.010125,0.040316,0.014061
1539.000000,0.292264,0.128179,0.003940,-0.012406,0.003926,-0.006753,-0.060781,0.015563,0.062742,0.021875
1540.000000,0.294588,0.136970,0.032359,0.029449,-0.011575,-0.007411,-0.046751,0.013053,0.048539,0.016927
1541.000000,0.294174,0.142574,0.034957,0.052941,-0.021371,-0.007120,0.002535,0.000792,0.002656,0.000927
1542.000000,0.285719,0.138364,0.014916,0.044091,-0.017957,-0.006473,0.056802,-0.014173,0.058543,0.020413
1543.000000,0.261708,0.111170,-0.041014,-0.037392,0.015625,-0.005804,0.052046,-0.016178,0.054502,0.019005
1544.000000,0.258710,0.114887,-0.009836,-0.019095,0.009368,-0.005814,0.021926,-0.006110,0.022761,0.007940
1545.000000,0.256118,0.115473,-0.004888,-0.007501,0.002218,-0.006067,0.008062,-0.001573,0.008214,0.002866
1546.000000,0.251405,0.114082,-0.003621,-0.001929,-0.000559,-0.006253,0.003314,-0.000827,0.003416,0.001192
1547.000000,0.245866,0.112717,0.000994,0.003552,-0.001619,-0.006357,0.004831,-0.001511,0.005062,0.001766
1548.000000,0.228708,0.092037,-0.042114,-0.063043,0.025737,-0.004886,-0.036073,0.006491,0.036652,0.012784
1549.000000,0.224592,0.087710,-0.039391,-0.088832,0.036833,-0.001871,-0.125126,0.029880,0.128644,0.044757
1550.000000,0.263780,0.143501,0.106348,0.097188,-0.039596,-0.002994,-0.100624,0.031995,0.105588,0.036769
1551.000000,0.300313,0.201967,0.116426,0.198245,-0.083853,0.006201,0.077569,-0.013453,0.078727,0.027438
1552.000000,0.247571,0.129484,-0.080621,-0.025566,0.014006,0.007539,0.151774,-0.046248,0.158664,0.055122
1553.000000,0.230233,0.108451,-0.079538,-0.111798,0.053630,0.008943,0.064332,-0.022133,0.068033,0.023717
1554.000000,0.249681,0.128239,-0.005482,-0.039113,0.015749,0.007323,-0.013780,0.005889,0.014986,0.005228
1555.000000,0.259014,0.135337,0.009023,0.007360,-0.008740,0.003726,-0.026835,0.009269,0.028391,0.009903
1556.000000,0.245155,0.115202,-0.030909,-0.042627,0.014432,0.002013,-0.052070,0.010828,0.053184,0.018546
1557.000000,0.251422,0.127664,0.029565,0.016407,-0.003969,-0.000333,-0.060715,0.015973,0.062781,0.021888
1558.000000,0.261448,0.143025,0.053986,0.070997,-0.028246,-0.001261,-0.005275,0.004468,0.006913,0.002412
1559.000000,0.245503,0.121515,-0.007997,0.011981,-0.006333,-0.001498,0.035639,-0.009848,0.036975,0.012897
1560.000000,0.225372,0.096942,-0.047276,-0.064957,0.027399,-0.000993,-0.002609,-0.002934,0.003926,0.001370
1561.000000,0.234646,0.113337,0.016991,-0.000198,0.002129,-0.002100,-0.032796,0.009476,0.034138,0.011907
1562.000000,0.260850,0.154047,0.079606,0.119150,-0.049846,-0.001279,0.047435,-0.006743,0.047912,0.016709
1563.000000,0.228665,0.110670,-0.047253,-0.014282,0.003680,-0.000252,0.092925,-0.027147,0.096809,0.033722
1564.000000,0.204570,0.082345,-0.100727,-0.147800,0.063580,0.004929,-0.013221,-0.003642,0.013713,0.004784
1565.000000,0.227083,0.109213,-0.009278,-0.070768,0.029462,0.006977,-0.129003,0.034254,0.133473,0.046427
1566.000000,0.274890,0.169441,0.121036,0.127571,-0.056847,0.004803,-0.075459,0.027800,0.080417,0.028025
1567.000000,0.277588,0.174231,0.049646,0.115930,-0.051151,0.008327,0.061532,-0.014260,0.063163,0.022021
1568.000000,0.239521,0.124508,-0.054042,-0.025653,0.015460,0.006746,0.097684,-0.031207,0.102548,0.035714
1569.000000,0.230254,0.113039,-0.036516,-0.055469,0.028913,0.005390,0.048278,-0.014853,0.050511,0.017615
1570.000000,0.235928,0.116391,-0.013326,-0.032597,0.012342,0.003531,0.000630,0.001193,0.001349,0.000471
1571.000000,0.232554,0.108874,-0.028017,-0.047463,0.015003,0.002177,-0.046363,0.011434,0.047752,0.016653
1572.000000,0.237371,0.117499,0.012427,-0.002652,0.000251,0.000152,-0.070061,0.018146,0.072373,0.025227
1573.000000,0.246047,0.132139,0.047536,0.055799,-0.022035,-0.001271,-0.033658,0.010740,0.035330,0.012323
1574.000000,0.236868,0.120790,0.010962,0.028158,-0.011768,-0.001607,0.011125,-0.002715,0.011451,0.003995
1575.000000,0.221986,0.103144,-0.017178,-0.017857,0.007965,-0.002082,0.012101,-0.004803,0.013019,0.004542
1576.000000,0.216505,0.098877,-0.009711,-0.022540,0.010430,-0.002496,-0.011368,0.002155,0.011570,0.004037
1577.000000,0.230239,0.122445,0.045464,0.060056,-0.024227,-0.003278,0.018727,-0.001772,0.018811,0.006562
1578.000000,0.222548,0.115985,0.008479,0.042017,-0.019039,-0.002605,0.074875,-0.018627,0.077157,0.026892
1579.000000,0.199821,0.090656,-0.041181,-0.034930,0.014629,-0.002249,0.070783,-0.021363,0.073937,0.025771
1580.000000,0.186809,0.077354,-0.060480,-0.095133,0.040797,0.000496,-0.009492,-0.001181,0.009565,0.003337
1581.000000,0.192965,0.084317,-0.039017,-0.088846,0.035477,0.003213,-0.113224,0.028337,0.116716,0.040627
1582.000000,0.226896,0.128600,0.079544,0.069293,-0.030873,0.000947,-0.107444,0.033054,0.112413,0.039136
1583.000000,0.241335,0.150735,0.075199,0.117625,-0.051310,0.003458,0.003930,0.002585,0.004704,0.001641
1584.000000,0.218948,0.125128,-0.003743,0.038072,-0.013519,0.004005,0.083909,-0.024139,0.087312,0.030422
1585.000000,0.199638,0.103002,-0.028232,-0.021603,0.013746,0.002593,0.086838,-0.025131,0.090401,0.031496
1586.000000,0.187058,0.084894,-0.059115,-0.089178,0.037667,0.003808,0.016692,-0.006790,0.018020,0.006286
1587.000000,0.193026,0.090919,-0.038548,-0.081217,0.030814,0.005094,-0.079148,0.019834,0.081595,0.028435
1588.000000,0.224935,0.134055,0.073874,0.073061,-0.032307,0.002418,-0.067319,0.022208,0.070888,0.024710
1589.000000,0.230877,0.144395,0.051636,0.095609,-0.041426,0.003715,0.030906,-0.005709,0.031429,0.010963
1590.000000,0.198874,0.101504,-0.045821,-0.031561,0.014796,0.003327,0.053801,-0.018390,0.056857,0.019825
1591.000000,0.187610,0.087252,-0.048487,-0.083551,0.038108,0.004338,-0.017109,0.001106,0.017145,0.005981
1592.000000,0.210856,0.116565,0.040203,0.026578,-0.010839,0.002008,-0.037811,0.013548,0.040165,0.014009
1593.000000,0.225434,0.136929,0.053801,0.090324,-0.040702,0.002000,0.035367,-0.005200,0.035747,0.012469
1594.000000,0.195870,0.097771,-0.045059,-0.026752,0.010020,0.001971,0.059084,-0.019204,0.062127,0.021660
1595.000000,0.181527,0.082019,-0.054991,-0.087403,0.039566,0.003431,-0.012206,-0.001111,0.012256,0.004276
1596.000000,0.194749,0.097527,0.002867,-0.029226,0.012805,0.002729,-0.072277,0.020081,0.075015,0.026146
1597.000000,0.227201,0.141828,0.087648,0.111297,-0.048510,0.002052,-0.010687,0.008949,0.013939,0.004863
1598.000000,0.202853,0.107326,-0.022977,0.006386,-0.005416,0.002593,0.045087,-0.013963,0.047200,0.016461
1599.000000,0.174673,0.068620,-0.109359,-0.161383,0.068796,0.008068,-0.060519,0.007689,0.061005,0.021270
1600.000000,0.217269,0.122259,0.065824,0.026017,-0.008805,0.005964,-0.117443,0.035117,0.122581,0.042658
1601.000000,0.294826,0.231113,0.177566,0.261421,-0.111245,0.015454,0.070142,-0.006357,0.070429,0.024551
1602.000000,0.259961,0.185509,-0.038775,0.090749,-0.031779,0.021729,0.250889,-0.070288,0.260549,0.089874
1603.000000,0.211558,0.109970,-0.196715,-0.225933,0.108648,0.027361,0.139062,-0.050329,0.147889,0.051407
1604.000000,0.273194,0.154282,-0.149233,-0.319118,0.123036,0.055285,-0.176037,0.042415,0.181075,0.062828
1605.000000,0.373370,0.224022,0.119421,-0.015417,-0.023845,0.043817,-0.330088,0.098670,0.344520,0.117831
1606.000000,0.521336,0.387928,0.336795,0.359930,-0.168226,0.049798,-0.092245,0.041066,0.100973,0.035167
1607.000000,0.526610,0.374673,0.007271,0.217180,-0.066409,0.057252,0.216966,-0.065417,0.226613,0.078385
1608.000000,0.468556,0.234452,-0.213508,-0.125510,0.084612,0.041265,0.229648,-0.074609,0.241464,0.083424
1609.000000,0.508280,0.224757,-0.146650,-0.245967,0.106233,0.047078,0.005849,-0.004765,0.007544,0.002632
1610.000000,0.580945,0.260663,0.054863,-0.044813,-0.002079,0.033697,-0.137026,0.044459,0.144058,0.050085
1611.000000,0.608325,0.272557,0.096348,0.082851,-0.046629,0.018065,-0.100988,0.030023,0.105356,0.036688
1612.000000,0.607411,0.271364,0.059346,0.112680,-0.043180,0.010018,0.013269,-0.003904,0.013831,0.004825
1613.000000,0.582020,0.238038,-0.014179,0.048344,-0.012745,0.002877,0.097755,-0.027183,0.101464,0.035338
1614.000000,0.543113,0.182186,-0.106594,-0.128590,0.055465,0.001044,0.033635,-0.014295,0.036547,0.012747
1615.000000,0.553155,0.197640,-0.003999,-0.070291,0.027961,-0.000735,-0.073021,0.019420,0.075559,0.026336
1616.000000,0.574423,0.230610,0.082439,0.069375,-0.031947,-0.006624,-0.058811,0.020106,0.062153,0.021670
1617.000000,0.564840,0.227705,0.029158,0.072920,-0.032793,-0.008695,0.022424,-0.004863,0.022945,0.008004
1618.000000,0.525166,0.185482,-0.055363,-0.044144,0.019889,-0.010439,0.026507,-0.011754,0.028996,0.010115
1619.000000,0.522711,0.198123,0.020153,0.014601,-0.002006,-0.013089,0.015965,-0.003323,0.016307,0.005689
1620.000000,0.508938,0.189706,-0.005505,0.003298,-0.003320,-0.014629,0.025005,-0.005622,0.025629,0.008940
1621.000000,0.480070,0.162949,-0.062102,-0.089628,0.034888,-0.013160,-0.033830,0.004569,0.034137,0.011907
1622.000000,0.491091,0.194646,0.052545,0.028183,-0.009068,-0.014746,-0.056428,0.016346,0.058748,0.020484
1623.000000,0.496240,0.214482,0.058284,0.089969,-0.038235,-0.014443,0.017205,-0.000841,0.017226,0.006009
1624.000000,0.468490,0.189314,-0.023519,0.020224,-0.010301,-0.013865,0.072651,-0.020229,0.075415,0.026285
1625.000000,0.438718,0.164372,-0.054687,-0.056515,0.024767,-0.013249,0.044116,-0.015302,0.046694,0.016285
1626.000000,0.429393,0.164420,-0.024378,-0.055999,0.024944,-0.012172,-0.019715,0.003698,0.020059,0.006998
1627.000000,0.418370,0.155198,-0.035646,-0.091998,0.036526,-0.009748,-0.107696,0.025750,0.110732,0.038553
1628.000000,0.448511,0.206290,0.106418,0.087414,-0.035881,-0.011586,-0.091491,0.028692,0.095884,0.033400
1629.000000,0.464641,0.239857,0.085085,0.152298,-0.065158,-0.006754,0.051429,-0.008749,0.052168,0.018192
1630.000000,0.405053,0.160196,-0.116573,-0.099225,0.042469,-0.005076,0.055118,-0.022771,0.059637,0.020793
1631.000000,0.412592,0.180466,0.007357,-0.024236,0.015946,-0.006201,-0.007098,0.001810,0.007325,0.002556
1632.000000,0.428748,0.204961,0.053527,0.070911,-0.031206,-0.008503,0.029464,-0.002534,0.029573,0.010316
1633.000000,0.404330,0.176661,-0.036309,-0.002427,-0.003886,-0.009117,0.060791,-0.017212,0.063181,0.022028
1634.000000,0.383845,0.162251,-0.038786,-0.039027,0.017423,-0.009570,0.033511,-0.012074,0.035620,0.012424
1635.000000,0.375772,0.160460,-0.015287,-0.034472,0.016479,-0.009738,-0.007748,0.000970,0.007808,0.002724
1636.000000,0.365850,0.150820,-0.025298,-0.058922,0.023280,-0.009072,-0.063467,0.015273,0.065279,0.022758
1637.000000,0.364390,0.153224,0.004830,-0.037823,0.014784,-0.009072,-0.116415,0.029542,0.120105,0.041801
1638.000000,0.387547,0.193470,0.098677,0.097157,-0.039263,-0.009762,-0.068558,0.022073,0.072024,0.025106
1639.000000,0.378432,0.187045,0.031444,0.070925,-0.030419,-0.007833,0.024127,-0.005314,0.024705,0.008618
1640.000000,0.354356,0.163066,-0.018370,0.008930,-0.002119,-0.008040,0.063039,-0.018459,0.065686,0.022900
1641.000000,0.342544,0.156751,-0.009830,0.002659,0.001185,-0.008848,0.069089,-0.018371,0.071490,0.024920
1642.000000,0.333310,0.151860,-0.014599,-0.000815,-0.000357,-0.009340,0.069935,-0.017733,0.072148,0.025149
1643.000000,0.316369,0.136614,-0.044000,-0.045912,0.016910,-0.008770,0.038751,-0.011870,0.040528,0.014135
1644.000000,0.301230,0.123094,-0.068193,-0.114187,0.046516,-0.004737,-0.059341,0.011061,0.060363,0.021046
1645.000000,0.329533,0.166678,0.068199,0.044326,-0.017058,-0.006375,-0.082342,0.025052,0.086069,0.029990
1646.000000,0.338114,0.180875,0.058147,0.088253,-0.039114,-0.005590,-0.002397,0.004102,0.004751,0.001658
1647.000000,0.300112,0.129234,-0.067544,-0.070568,0.028155,-0.004514,-0.009130,-0.003105,0.009644,0.003364
1648.000000,0.310253,0.152011,0.035659,0.018323,-0.002670,-0.005995,-0.029465,0.008469,0.030658,0.010694
1649.000000,0.317497,0.164431,0.043822,0.064763,-0.027261,-0.006388,0.022643,-0.002406,0.022770,0.007943
1650.000000,0.293796,0.134573,-0.035322,-0.019575,0.005277,-0.006158,0.039465,-0.012201,0.041308,0.014407
1651.000000,0.279988,0.123939,-0.032295,-0.049773,0.021931,-0.005654,-0.003110,-0.002059,0.003730,0.001301
1652.000000,0.275973,0.121709,-0.018668,-0.051855,0.022574,-0.004889,-0.061121,0.014662,0.062855,0.021914
1653.000000,0.297660,0.155023,0.065994,0.067580,-0.028012,-0.006045,-0.039572,0.014460,0.042131,0.014694
1654.000000,0.289431,0.146298,0.016204,0.044778,-0.021250,-0.005257,0.021871,-0.004881,0.022409,0.007817
1655.000000,0.287395,0.155518,0.030773,0.075854,-0.029713,-0.004639,0.093782,-0.023442,0.096667,0.033672
1656.000000,0.273123,0.146347,-0.003760,0.049957,-0.018634,-0.003946,0.162677,-0.042169,0.168054,0.058354
1657.000000,0.232492,0.094281,-0.140008,-0.169719,0.071153,0.002215,0.071353,-0.026268,0.076035,0.026501
1658.000000,0.251887,0.119847,-0.099882,-0.205714,0.082216,0.016806,-0.144487,0.033454,0.148309,0.051552
1659.000000,0.300803,0.166513,0.059151,-0.027106,0.001410,0.013773,-0.256900,0.071991,0.266796,0.091978
1660.000000,0.353196,0.228549,0.175917,0.164337,-0.075641,0.011338,-0.157578,0.049207,0.165082,0.057332
1661.000000,0.365293,0.245429,0.089746,0.158043,-0.064426,0.015788,0.024852,-0.004927,0.025336,0.008838
1662.000000,0.341951,0.213413,-0.006942,0.073125,-0.020606,0.012957,0.146610,-0.041173,0.152282,0.052922
1663.000000,0.322819,0.183647,-0.040377,0.012984,0.002276,0.007533,0.188605,-0.050608,0.195277,0.067695
1664.000000,0.308516,0.161696,-0.064607,-0.038826,0.016800,0.003921,0.168124,-0.044897,0.174016,0.060404
1665.000000,0.291504,0.140159,-0.125881,-0.164358,0.065861,0.008176,0.039495,-0.016147,0.042668,0.014881
1666.000000,0.312846,0.165309,-0.044902,-0.117337,0.045240,0.011363,-0.115000,0.028537,0.118488,0.041241
1667.000000,0.346876,0.200711,0.079880,0.040449,-0.020953,0.005237,-0.141684,0.041575,0.147658,0.051327
1668.000000,0.333809,0.171392,0.007680,-0.019218,0.003515,0.001525,-0.135698,0.034032,0.139900,0.048649
1669.000000,0.326083,0.157437,0.016253,-0.033849,0.015387,-0.001022,-0.167381,0.041319,0.172406,0.059850
1670.000000,0.392107,0.256865,0.197554,0.221051,-0.088500,0.001826,-0.034041,0.018791,0.038883,0.013562
1671.000000,0.404679,0.278288,0.046088,0.191885,-0.077331,0.013896,0.196145,-0.048533,0.202060,0.070015
1672.000000,0.347394,0.196881,-0.125719,-0.022865,0.019394,0.010557,0.268739,-0.077870,0.279793,0.096344
1673.000000,0.329789,0.170544,-0.132999,-0.143022,0.067913,0.011754,0.160912,-0.048073,0.167940,0.058315
1674.000000,0.347137,0.181162,-0.130149,-0.226876,0.089663,0.023305,-0.057040,0.010793,0.058052,0.020242
1675.000000,0.395109,0.218170,0.008150,-0.104338,0.028651,0.021848,-0.230642,0.063187,0.239141,0.082637
1676.000000,0.445405,0.267321,0.170171,0.111968,-0.055179,0.011683,-0.202238,0.059631,0.210846,0.073015
1677.000000,0.478834,0.309008,0.142169,0.187921,-0.078481,0.013024,-0.023721,0.010573,0.025971,0.009059
1678.000000,0.443506,0.252314,-0.029941,0.040245,-0.009613,0.008924,0.090099,-0.027946,0.094333,0.032862
1679.000000,0.416837,0.207723,-0.068432,-0.067488,0.034374,0.003828,0.063173,-0.020458,0.066403,0.023149
1680.000000,0.430589,0.221922,0.017609,0.014889,-0.005964,-0.001719,0.041875,-0.007794,0.042594,0.014856
1681.000000,0.430837,0.223419,0.006459,0.050090,-0.025125,-0.005355,0.082558,-0.019213,0.084764,0.029537
1682.000000,0.390198,0.172278,-0.115286,-0.125924,0.050292,-0.004051,0.021135,-0.012874,0.024747,0.008633
1683.000000,0.398931,0.190932,-0.007341,-0.065656,0.030533,-0.003355,-0.081246,0.019668,0.083593,0.029129
1684.000000,0.420791,0.219537,0.077546,0.057397,-0.024564,-0.007053,-0.073054,0.023699,0.076802,0.026768
1685.000000,0.417092,0.216613,0.036157,0.062905,-0.029663,-0.007931,-0.004169,0.002774,0.005008,0.001747
1686.000000,0.393254,0.192335,-0.014245,0.007610,-0.002525,-0.009063,0.030102,-0.010317,0.031821,0.011100
1687.000000,0.374375,0.175192,-0.023227,-0.030120,0.015478,-0.009818,0.013358,-0.005759,0.014547,0.005075
1688.000000,0.374134,0.182013,0.014320,0.010873,-0.003369,-0.011038,0.006762,-0.000396,0.006774,0.002363
1689.000000,0.352157,0.155095,-0.047553,-0.069953,0.026087,-0.010008,-0.035372,0.006580,0.035979,0.012549
1690.000000,0.351702,0.162687,0.005065,-0.033559,0.014687,-0.009805,-0.090492,0.022409,0.093225,0.032477
1691.000000,0.394540,0.232735,0.133163,0.166235,-0.067667,-0.007916,0.005970,0.005890,0.008386,0.002926
1692.000000,0.378995,0.217685,0.001853,0.098138,-0.042379,-0.002603,0.148915,-0.038181,0.153732,0.053422
1693.000000,0.328969,0.154814,-0.121961,-0.104391,0.046657,-0.001625,0.124026,-0.040067,0.130337,0.045343
1694.000000,0.327067,0.155316,-0.092330,-0.168842,0.073276,0.006642,-0.037580,0.004851,0.037892,0.013216
1695.000000,0.361347,0.190005,0.033375,-0.033853,0.009280,0.004629,-0.138216,0.039935,0.143870,0.050020
1696.000000,0.393559,0.228660,0.108142,0.111540,-0.052239,0.000954,-0.078536,0.026339,0.082835,0.028866
1697.000000,0.358742,0.175768,-0.036315,-0.032641,0.012055,-0.000747,-0.048825,0.007768,0.049439,0.017241
1698.000000,0.362140,0.187033,0.043992,0.031069,-0.006362,-0.004209,-0.043062,0.011351,0.044533,0.015531
1699.000000,0.412823,0.265146,0.130147,0.214053,-0.086348,0.000784,0.115033,-0.020815,0.116901,0.040691
1700.000000,0.363334,0.195040,-0.094457,0.006765,-0.003489,0.002554,0.218544,-0.061062,0.226914,0.078487
1701.000000,0.332511,0.154910,-0.208827,-0.279702,0.122179,0.017219,0.033599,-0.022282,0.040316,0.014061
1702.000000,0.397499,0.215181,-0.001247,-0.128169,0.046819,0.024500,-0.180784,0.050281,0.187646,0.065082
1703.000000,0.457102,0.267325,0.155868,0.106617,-0.056576,0.013572,-0.167162,0.053251,0.175439,0.060893
1704.000000,0.490460,0.305765,0.121603,0.189226,-0.082900,0.014835,0.009557,0.001808,0.009727,0.003393
1705.000000,0.450744,0.246892,-0.044716,0.041509,-0.008718,0.010483,0.124696,-0.038501,0.130504,0.045401
1706.000000,0.417677,0.192089,-0.107606,-0.122888,0.059730,0.007882,0.061030,-0.022442,0.065025,0.022670
1707.000000,0.446176,0.220311,0.029400,0.003362,-0.001818,0.002269,0.006310,0.002857,0.006927,0.002417
1708.000000,0.447746,0.218143,0.010256,0.033208,-0.020446,-0.002798,0.030259,-0.005561,0.030766,0.010732
1709.000000,0.410333,0.168608,-0.107522,-0.141404,0.056145,-0.001354,-0.049333,0.004779,0.049564,0.017285
1710.000000,0.422160,0.186366,0.007792,-0.081663,0.037057,-0.000012,-0.169552,0.042358,0.174763,0.060661
1711.000000,0.487937,0.276728,0.197112,0.189321,-0.079435,-0.001684,-0.079625,0.031604,0.085668,0.029851
1712.000000,0.496230,0.289066,0.049179,0.166125,-0.071896,0.006005,0.119261,-0.028409,0.122598,0.042664
1713.000000,0.441578,0.216302,-0.105398,-0.021677,0.015579,0.002571,0.181385,-0.054757,0.189470,0.065707
1714.000000,0.419157,0.187407,-0.112399,-0.139784,0.065351,0.004030,0.077151,-0.026053,0.081431,0.028378
1715.000000,0.431545,0.194763,-0.068653,-0.162967,0.063869,0.009681,-0.096470,0.023706,0.099340,0.034600
1716.000000,0.469212,0.233226,0.080564,0.012844,-0.013161,0.003016,-0.162865,0.047410,0.169625,0.058895
1717.000000,0.501140,0.277273,0.131617,0.152017,-0.067161,0.000620,-0.054394,0.019600,0.057818,0.020160
1718.000000,0.483610,0.258349,0.016505,0.094234,-0.036547,0.000575,0.079252,-0.022064,0.082266,0.028668
1719.000000,0.452887,0.222000,-0.042536,0.014912,-0.000111,-0.003407,0.132888,-0.037409,0.138053,0.048010
1720.000000,0.418272,0.174098,-0.141266,-0.195604,0.083141,0.002593,0.008425,-0.009861,0.012970,0.004525
1721.000000,0.446649,0.204866,-0.012328,-0.122045,0.046503,0.007186,-0.163530,0.042961,0.169079,0.058707
1722.000000,0.529169,0.311957,0.217606,0.214434,-0.095261,0.003794,-0.075143,0.031836,0.081609,0.028440
1723.000000,0.521916,0.299556,0.016822,0.140308,-0.059422,0.008792,0.118054,-0.031467,0.122176,0.042518
1724.000000,0.459142,0.206091,-0.164167,-0.146909,0.070463,0.006864,0.084019,-0.033890,0.090596,0.031564
1725.000000,0.479472,0.224043,-0.013629,-0.084838,0.040138,0.006055,-0.040971,0.011114,0.042452,0.014806
1726.000000,0.510294,0.253548,0.077197,0.059683,-0.030926,-0.001455,-0.040040,0.017236,0.043592,0.015203
1727.000000,0.500412,0.241153,0.011509,0.052350,-0.027642,-0.005200,0.022892,-0.005684,0.023587,0.008228
1728.000000,0.466165,0.203664,-0.050645,-0.040695,0.019026,-0.007872,0.019809,-0.010442,0.022393,0.007812
1729.000000,0.455287,0.197647,-0.010976,-0.040868,0.021639,-0.009488,-0.026562,0.005247,0.027075,0.009445
1730.000000,0.459227,0.207934,0.033793,0.018079,-0.007649,-0.012015,-0.033395,0.011250,0.035239,0.012291
1731.000000,0.449312,0.201658,0.012235,0.018963,-0.010956,-0.013395,-0.012307,0.003849,0.012895,0.004499
1732.000000,0.442465,0.207126,0.025071,0.051748,-0.021314,-0.014082,0.031407,-0.007574,0.032307,0.011269
1733.000000,0.407654,0.168904,-0.059064,-0.063670,0.026705,-0.013018,0.012501,-0.007502,0.014579,0.005086
1734.000000,0.396462,0.163742,-0.034976,-0.088718,0.038969,-0.010139,-0.076749,0.016900,0.078588,0.027389
1735.000000,0.429213,0.216062,0.104030,0.093247,-0.037930,-0.011718,-0.055065,0.020257,0.058673,0.020458
1736.000000,0.440407,0.240067,0.062515,0.139678,-0.061663,-0.007040,0.082088,-0.016990,0.083828,0.029211
1737.000000,0.391720,0.181336,-0.083122,-0.029319,0.012756,-0.006588,0.127171,-0.038747,0.132943,0.046244
1738.000000,0.370297,0.163008,-0.076812,-0.104035,0.048137,-0.004482,0.043659,-0.016244,0.046583,0.016246
1739.000000,0.379382,0.176748,-0.009807,-0.052431,0.021574,-0.004493,-0.039734,0.011407,0.041339,0.014418
1740.000000,0.381104,0.178501,0.005140,-0.023061,0.005025,-0.006594,-0.079554,0.021607,0.082436,0.028727
1741.000000,0.370766,0.167089,-0.002773,-0.038877,0.014183,-0.007732,-0.116569,0.028176,0.119926,0.041739
1742.000000,0.378848,0.185310,0.066607,0.042006,-0.014249,-0.009631,-0.106495,0.028863,0.110337,0.038416
1743.000000,0.394550,0.214715,0.090402,0.119961,-0.048581,-0.008077,-0.006344,0.006073,0.008782,0.003064
1744.000000,0.403400,0.239254,0.053936,0.156497,-0.064349,-0.001933,0.154318,-0.036599,0.158599,0.055099
1745.000000,0.349397,0.170093,-0.108683,-0.046460,0.021927,-0.001780,0.195491,-0.056904,0.203605,0.070543
1746.000000,0.331725,0.154072,-0.111650,-0.146833,0.065368,0.002866,0.075072,-0.025292,0.079218,0.027608
1747.000000,0.346421,0.169344,-0.064141,-0.144369,0.056563,0.008618,-0.089520,0.022000,0.092184,0.032115
1748.000000,0.370243,0.189456,0.021562,-0.053865,0.014326,0.005697,-0.192089,0.052012,0.199006,0.068971
1749.000000,0.429818,0.271354,0.186795,0.191950,-0.083111,0.004315,-0.087301,0.031318,0.092748,0.032311
1750.000000,0.404916,0.233270,0.002675,0.065420,-0.026002,0.005385,0.045514,-0.014507,0.047770,0.016659
1751.000000,0.374961,0.191387,-0.047522,-0.033824,0.020575,0.001287,0.052959,-0.018230,0.056009,0.019530
1752.000000,0.372632,0.186486,-0.007729,-0.022874,0.012342,-0.002048,0.021859,-0.005249,0.022480,0.007842
1753.000000,0.371830,0.184369,-0.000244,-0.003327,-0.001495,-0.005012,0.009053,-0.000932,0.009101,0.003175
1754.000000,0.359675,0.171771,-0.019941,-0.023271,0.006954,-0.006758,-0.008120,0.000769,0.008156,0.002846
1755.000000,0.361424,0.183577,0.027168,0.035331,-0.013193,-0.008615,0.004937,-0.000516,0.004964,0.001732
1756.000000,0.353114,0.178988,0.010031,0.035785,-0.014726,-0.009196,0.045454,-0.011041,0.046776,0.016313
1757.000000,0.331988,0.156908,-0.032311,-0.021275,0.008092,-0.009289,0.047785,-0.014172,0.049842,0.017382
1758.000000,0.311271,0.135111,-0.067286,-0.106449,0.044236,-0.006102,-0.033714,0.004317,0.033989,0.011856
1759.000000,0.320184,0.150330,0.002018,-0.052082,0.022207,-0.004994,-0.118100,0.030465,0.121966,0.042446
1760.000000,0.365696,0.217256,0.135350,0.151713,-0.063891,-0.004693,-0.039922,0.018215,0.043881,0.015304
1761.000000,0.354077,0.204654,0.017846,0.093284,-0.041138,-0.000527,0.093004,-0.023736,0.095985,0.033435
1762.000000,0.308719,0.145922,-0.096436,-0.087748,0.040106,-0.000302,0.077043,-0.027433,0.081781,0.028500
1763.000000,0.302957,0.136669,-0.097060,-0.186664,0.080247,0.009162,-0.088617,0.017299,0.090290,0.031457
1764.000000,0.355679,0.194562,0.095335,0.035772,-0.018835,0.005070,-0.150586,0.046257,0.157530,0.054731
1765.000000,0.412539,0.269504,0.153851,0.216005,-0.096091,0.009412,0.011353,0.006233,0.012951,0.004518
1766.000000,0.386973,0.237141,-0.018487,0.104732,-0.039138,0.012913,0.181118,-0.050923,0.188141,0.065251
1767.000000,0.339452,0.168844,-0.123574,-0.092969,0.050001,0.009669,0.166327,-0.051827,0.174215,0.060472
1768.000000,0.341050,0.161224,-0.110176,-0.183702,0.079702,0.016438,-0.000213,-0.004232,0.004237,0.001478
1769.000000,0.376590,0.188598,-0.006822,-0.091878,0.028531,0.015457,-0.146301,0.041176,0.151985,0.052820
1770.000000,0.399288,0.204420,0.065877,0.014550,-0.015113,0.007491,-0.178362,0.049521,0.185109,0.064212
1771.000000,0.430559,0.248439,0.135296,0.149801,-0.062990,0.005070,-0.070436,0.022960,0.074084,0.025822
1772.000000,0.429164,0.250386,0.050034,0.130816,-0.050324,0.006699,0.086631,-0.021728,0.089314,0.031118
1773.000000,0.386097,0.187623,-0.079022,-0.036962,0.020662,0.003272,0.122106,-0.036980,0.127583,0.044390
1774.000000,0.373303,0.169454,-0.068476,-0.097516,0.043587,0.002709,0.039310,-0.013360,0.041518,0.014481
1775.000000,0.387387,0.185530,0.004898,-0.022733,0.007223,-0.000502,-0.021090,0.007582,0.022411,0.007818
1776.000000,0.390845,0.190593,0.018551,0.023417,-0.013579,-0.004183,-0.015795,0.005709,0.016795,0.005859
1777.000000,0.365741,0.158010,-0.048217,-0.067819,0.026429,-0.004921,-0.050621,0.008925,0.051402,0.017925
1778.000000,0.390299,0.201897,0.086546,0.087941,-0.032360,-0.007353,-0.022776,0.009653,0.024737,0.008629
1779.000000,0.403398,0.227247,0.060605,0.139648,-0.058691,-0.003719,0.111852,-0.024386,0.114479,0.039852
1780.000000,0.341480,0.139544,-0.172073,-0.180575,0.075056,0.001349,0.054880,-0.024950,0.060285,0.021019
1781.000000,0.362889,0.166217,-0.068817,-0.188018,0.078657,0.013906,-0.154052,0.036012,0.158205,0.054964
1782.000000,0.438534,0.251201,0.182223,0.126510,-0.058252,0.007119,-0.155205,0.051428,0.163504,0.056789
1783.000000,0.480809,0.302926,0.121863,0.212185,-0.094075,0.013694,0.045811,-0.005546,0.046145,0.016093
1784.000000,0.431530,0.231592,-0.075246,0.026031,-0.003364,0.010928,0.161100,-0.049422,0.168510,0.058511
1785.000000,0.403358,0.188895,-0.095731,-0.093524,0.049303,0.007224,0.109784,-0.034481,0.115072,0.040057
1786.000000,0.412888,0.192597,-0.033771,-0.068966,0.028553,0.004627,0.020006,-0.004097,0.020421,0.007124
1787.000000,0.407914,0.178004,-0.061783,-0.122593,0.042916,0.004340,-0.094013,0.022393,0.096643,0.033664
1788.000000,0.418586,0.188818,0.013912,-0.066529,0.023621,0.002135,-0.195208,0.049712,0.201438,0.069803
1789.000000,0.469884,0.262634,0.182415,0.165860,-0.068226,-0.000819,-0.113997,0.037340,0.119957,0.041750
1790.000000,0.498688,0.307868,0.098077,0.210690,-0.086883,0.008386,0.103831,-0.022165,0.106170,0.036971
1791.000000,0.443422,0.229388,-0.101185,0.003859,0.005383,0.005879,0.203587,-0.059747,0.212173,0.073468
1792.000000,0.417942,0.194796,-0.111394,-0.109012,0.052780,0.004039,0.131657,-0.039729,0.137521,0.047827
1793.000000,0.423046,0.196508,-0.074091,-0.130793,0.052658,0.006046,-0.006631,0.000249,0.006636,0.002315
1794.000000,0.438417,0.209645,-0.008133,-0.071303,0.022625,0.003269,-0.114792,0.030719,0.118831,0.041360
1795.000000,0.448009,0.219189,0.051979,0.005676,-0.005949,-0.002497,-0.143861,0.038452,0.148911,0.051760
1796.000000,0.441033,0.209352,0.046255,0.010723,-0.003958,-0.006487,-0.134163,0.034222,0.138459,0.048151
1797.000000,0.469194,0.258764,0.129887,0.150787,-0.059361,-0.006652,-0.027746,0.012674,0.030504,0.010640
1798.000000,0.451746,0.239505,0.009435,0.082962,-0.034481,-0.004743,0.097808,-0.025049,0.100965,0.035164
1799.000000,0.419488,0.203950,-0.053091,-0.002646,0.003260,-0.006881,0.134595,-0.037931,0.139838,0.048627
1800.000000,0.400820,0.188472,-0.052457,-0.038204,0.017506,-0.008400,0.107853,-0.029782,0.111889,0.038954
1801.000000,0.386598,0.177098,-0.062391,-0.078242,0.030910,-0.007811,0.037674,-0.011768,0.039469,0.013766
1802.000000,0.386391,0.184388,-0.020180,-0.046707,0.017453,-0.008242,-0.029898,0.007278,0.030771,0.010734
1803.000000,0.381570,0.182660,-0.003275,-0.032837,0.012049,-0.009312,-0.073703,0.018337,0.075950,0.026472
1804.000000,0.381176,0.188103,0.031930,0.009423,-0.003330,-0.010873,-0.082747,0.021772,0.085563,0.029815
1805.000000,0.374148,0.183580,0.028248,0.015719,-0.005813,-0.011729,-0.068034,0.017725,0.070305,0.024507
1806.000000,0.357825,0.165490,-0.001209,-0.024174,0.010712,-0.011718,-0.077315,0.018295,0.079450,0.027689
1807.000000,0.369276,0.190963,0.070367,0.069011,-0.026007,-0.012217,-0.042149,0.013696,0.044318,0.015457
1808.000000,0.383440,0.221281,0.071912,0.137093,-0.057315,-0.008038,0.082108,-0.016702,0.083790,0.029198
1809.000000,0.348424,0.181537,-0.047537,0.021864,-0.009496,-0.006364,0.160492,-0.044170,0.166459,0.057806
1810.000000,0.316578,0.148663,-0.091738,-0.092386,0.041107,-0.004919,0.108500,-0.033388,0.113521,0.039520
1811.000000,0.314592,0.151573,-0.063353,-0.111257,0.046900,-0.001027,-0.009025,0.000001,0.009025,0.003149
1812.000000,0.340752,0.186642,0.042650,0.026480,-0.013837,-0.003801,-0.042623,0.015209,0.045255,0.015783
1813.000000,0.329835,0.170918,-0.004742,-0.000238,-0.004577,-0.005506,-0.030527,0.007444,0.031422,0.010960
1814.000000,0.306997,0.142385,-0.049964,-0.088482,0.036926,-0.004367,-0.090261,0.018274,0.092092,0.032083
1815.000000,0.324342,0.169549,0.061255,0.022511,-0.005223,-0.006166,-0.116189,0.032048,0.120528,0.041947
1816.000000,0.344550,0.198602,0.090687,0.108927,-0.046053,-0.005601,-0.032450,0.013658,0.035207,0.012280
1817.000000,0.324519,0.173348,-0.001810,0.036072,-0.016909,-0.004641,0.042246,-0.011935,0.043900,0.015311
1818.000000,0.304916,0.154836,-0.019242,-0.005718,0.005090,-0.005642,0.055133,-0.016740,0.057618,0.020090
1819.000000,0.300852,0.156345,0.003142,0.014672,-0.003641,-0.006812,0.062448,-0.015586,0.064364,0.022439
1820.000000,0.293098,0.150820,-0.010444,0.010700,-0.005908,-0.007384,0.076585,-0.019036,0.078915,0.027503
1821.000000,0.274834,0.132619,-0.044966,-0.041796,0.015221,-0.007000,0.053497,-0.015974,0.055831,0.019468
1822.000000,0.264951,0.126901,-0.039585,-0.062602,0.026158,-0.005692,-0.007972,-0.000416,0.007983,0.002785
1823.000000,0.263047,0.126965,-0.023541,-0.060546,0.024945,-0.004498,-0.077750,0.018902,0.080015,0.027885
1824.000000,0.274332,0.143250,0.034180,0.011173,-0.005186,-0.005678,-0.098328,0.027287,0.102044,0.035539
1825.000000,0.280840,0.154380,0.051709,0.057479,-0.024818,-0.006001,-0.054492,0.016309,0.056880,0.019833
1826.000000,0.261918,0.130023,-0.008791,-0.007632,0.002918,-0.005768,-0.033128,0.006614,0.033782,0.011783
1827.000000,0.268155,0.146807,0.046017,0.055783,-0.019717,-0.006346,0.000928,0.001350,0.001638,0.000572
1828.000000,0.281034,0.172999,0.060598,0.118942,-0.048482,-0.003543,0.106884,-0.023561,0.109450,0.038108
1829.000000,0.241804,0.122062,-0.071319,-0.038229,0.014826,-0.002324,0.136206,-0.039293,0.141760,0.049291
1830.000000,0.222448,0.102751,-0.104210,-0.152758,0.065623,0.003824,0.015654,-0.010532,0.018867,0.006582
1831.000000,0.247364,0.133660,-0.004513,-0.058029,0.023245,0.005043,-0.093936,0.025844,0.097426,0.033936
1832.000000,0.271737,0.160839,0.061414,0.055026,-0.027332,0.001622,-0.083551,0.026303,0.087593,0.030520
1833.000000,0.276538,0.168738,0.051012,0.084259,-0.037443,0.001444,-0.001283,0.002152,0.002505,0.000874
1834.000000,0.254180,0.141658,-0.011866,0.012667,-0.002955,0.000521,0.046206,-0.014689,0.048485,0.016908
1835.000000,0.233096,0.113321,-0.052010,-0.074218,0.033934,0.000777,0.002042,-0.004266,0.004730,0.001650
1836.000000,0.242090,0.124424,0.003350,-0.026340,0.011568,-0.000186,-0.050032,0.014058,0.051969,0.018123
1837.000000,0.265736,0.157523,0.069374,0.087876,-0.038501,-0.001418,-0.002962,0.005666,0.006394,0.002231
1838.000000,0.247075,0.133341,-0.012165,0.019873,-0.010695,-0.001170,0.051095,-0.014553,0.053127,0.018526
1839.000000,0.221425,0.102143,-0.063849,-0.082982,0.036410,-0.000084,0.004365,-0.006300,0.007664,0.002674
1840.000000,0.233455,0.120755,0.014410,-0.011654,0.007705,-0.001000,-0.041881,0.011936,0.043549,0.015188
1841.000000,0.269443,0.172958,0.097068,0.139436,-0.059019,0.000037,0.046680,-0.005074,0.046955,0.016375
1842.000000,0.230875,0.118064,-0.064473,-0.030129,0.009522,0.001185,0.090858,-0.027752,0.095002,0.033094
1843.000000,0.209888,0.093578,-0.105156,-0.160546,0.069591,0.007240,-0.031088,0.000448,0.031091,0.010845
1844.000000,0.241638,0.130102,0.021988,-0.035700,0.015058,0.007065,-0.129169,0.036192,0.134144,0.046659
1845.000000,0.268478,0.158056,0.077673,0.074550,-0.036034,0.003811,-0.095191,0.030305,0.099899,0.034794
1846.000000,0.286951,0.187504,0.084633,0.141733,-0.060874,0.006489,0.034720,-0.005394,0.035137,0.012256
1847.000000,0.262684,0.160568,-0.006982,0.058145,-0.019493,0.006905,0.139176,-0.038917,0.144515,0.050242
1848.000000,0.225846,0.108471,-0.104136,-0.119311,0.055322,0.007863,0.085400,-0.028981,0.090183,0.031420
1849.000000,0.236987,0.118611,-0.055231,-0.117013,0.048812,0.011331,-0.048438,0.011386,0.049758,0.017352
1850.000000,0.269969,0.153705,0.049106,0.025016,-0.015788,0.006812,-0.085500,0.027185,0.089718,0.031258
1851.000000,0.268556,0.146402,0.019091,0.025959,-0.015931,0.003713,-0.056272,0.015209,0.058291,0.020325
1852.000000,0.267522,0.149653,0.035498,0.052650,-0.019833,0.001505,-0.008757,0.002206,0.009031,0.003151
1853.000000,0.272435,0.162959,0.048811,0.092140,-0.034439,0.001192,0.077595,-0.018003,0.079656,0.027761
1854.000000,0.245685,0.126899,-0.040213,-0.011486,0.005383,0.000565,0.112426,-0.031225,0.116682,0.040615
1855.000000,0.223506,0.099012,-0.094222,-0.131855,0.055225,0.004046,0.018270,-0.010193,0.020921,0.007298
1856.000000,0.238493,0.117747,-0.029772,-0.088390,0.035518,0.006461,-0.102027,0.025942,0.105273,0.036659
1857.000000,0.253902,0.130232,0.016499,-0.025965,0.006088,0.003958,-0.160158,0.043451,0.165948,0.057630
1858.000000,0.293918,0.186582,0.130373,0.145040,-0.062142,0.003508,-0.074151,0.025681,0.078472,0.027349
1859.000000,0.311935,0.219986,0.084015,0.178130,-0.072157,0.011265,0.112341,-0.026086,0.115330,0.040147
1860.000000,0.258947,0.144351,-0.093338,-0.044032,0.025376,0.010055,0.164620,-0.050191,0.172101,0.059746
1861.000000,0.247311,0.125526,-0.092036,-0.134419,0.062063,0.012435,0.053399,-0.018861,0.056632,0.019747
1862.000000,0.277495,0.155671,0.012515,-0.018623,0.004946,0.009098,-0.021370,0.009381,0.023338,0.008141
1863.000000,0.277945,0.148274,-0.009233,-0.014569,-0.000927,0.004919,-0.039660,0.010947,0.041143,0.014350
1864.000000,0.266393,0.131270,-0.028269,-0.052602,0.019981,0.002848,-0.081695,0.018011,0.083657,0.029152
1865.000000,0.287065,0.162839,0.074102,0.067691,-0.024444,-0.000218,-0.060381,0.018548,0.063166,0.022022
1866.000000,0.283287,0.155600,0.028799,0.051544,-0.022094,-0.000815,0.005645,0.000220,0.005649,0.001971
1867.000000,0.256392,0.117364,-0.051440,-0.061734,0.024649,-0.000918,-0.012107,-0.000692,0.012127,0.004231
1868.000000,0.273283,0.146929,0.051095,0.048259,-0.016727,-0.003002,-0.008145,0.004439,0.009276,0.003236
1869.000000,0.292645,0.179532,0.068589,0.130409,-0.054197,-0.000656,0.101966,-0.021482,0.104204,0.036289
1870.000000,0.246428,0.115697,-0.096783,-0.071944,0.028716,0.000587,0.113778,-0.035344,0.119141,0.041467
1871.000000,0.236129,0.106999,-0.098149,-0.161496,0.069847,0.007715,-0.028098,0.000989,0.028115,0.009807
1872.000000,0.266709,0.140110,0.013125,-0.048361,0.017896,0.007603,-0.135080,0.037724,0.140249,0.048769
1873.000000,0.304166,0.184632,0.105637,0.109830,-0.050786,0.004489,-0.083147,0.028384,0.087858,0.030612
1874.000000,0.306662,0.189768,0.052746,0.111034,-0.048019,0.006375,0.042394,-0.009640,0.043476,0.015163
1875.000000,0.280797,0.159623,-0.017024,0.031680,-0.007852,0.004749,0.114918,-0.033121,0.119596,0.041625
1876.000000,0.251618,0.118031,-0.086697,-0.107204,0.049043,0.005335,0.057210,-0.020114,0.060643,0.021144
1877.000000,0.258876,0.123169,-0.053342,-0.115587,0.046874,0.008437,-0.069986,0.016902,0.071998,0.025097
1878.000000,0.294105,0.164072,0.067616,0.045225,-0.023169,0.004113,-0.092792,0.029369,0.097329,0.033902
1879.000000,0.313041,0.190502,0.077971,0.122530,-0.054289,0.004338,0.010702,0.001189,0.010768,0.003757
1880.000000,0.272647,0.132959,-0.063559,-0.045721,0.020323,0.003569,0.036577,-0.015422,0.039695,0.013845
1881.000000,0.263226,0.120601,-0.044218,-0.088003,0.041294,0.004222,-0.043787,0.007812,0.044478,0.015512
1882.000000,0.306911,0.177779,0.102667,0.106284,-0.043426,0.001300,-0.012864,0.010741,0.016759,0.005846
1883.000000,0.294908,0.157846,-0.000379,0.047697,-0.024885,0.001589,0.068413,-0.017080,0.070513,0.024580
1884.000000,0.269312,0.129220,-0.044874,-0.028965,0.013385,0.000162,0.070955,-0.022613,0.074471,0.025957
1885.000000,0.261886,0.124492,-0.022563,-0.034480,0.018168,-0.000873,0.034299,-0.010537,0.035881,0.012515
1886.000000,0.254983,0.113824,-0.039161,-0.066896,0.026707,-0.000570,-0.026701,0.005909,0.027347,0.009540
1887.000000,0.256141,0.114404,-0.023427,-0.062673,0.023071,-0.000295,-0.099820,0.025088,0.102924,0.035844
1888.000000,0.266371,0.127902,0.030321,0.000992,-0.001607,-0.002081,-0.128160,0.034248,0.132657,0.046145
1889.000000,0.290243,0.164948,0.096898,0.113227,-0.046542,-0.001907,-0.051335,0.017815,0.054338,0.018948
1890.000000,0.306093,0.196764,0.078306,0.159977,-0.065112,0.004330,0.108510,-0.024424,0.111225,0.038724
1891.000000,0.268004,0.149767,-0.048868,0.019822,-0.003805,0.004816,0.195619,-0.054715,0.203127,0.070380
1892.000000,0.235858,0.107642,-0.127833,-0.158752,0.071285,0.008949,0.097452,-0.032858,0.102842,0.035816
1893.000000,0.255264,0.126889,-0.092447,-0.185892,0.074176,0.019436,-0.100328,0.023468,0.103036,0.035883
1894.000000,0.303379,0.173391,0.060269,-0.000508,-0.009532,0.014095,-0.185865,0.054198,0.193606,0.067123
1895.000000,0.354321,0.237117,0.154956,0.182560,-0.082067,0.013373,-0.062587,0.024054,0.067050,0.023375
1896.000000,0.335273,0.209071,0.011946,0.085775,-0.032448,0.014055,0.079411,-0.023393,0.082785,0.028849
1897.000000,0.293606,0.142510,-0.103873,-0.116582,0.056237,0.012233,0.040449,-0.018585,0.044514,0.015525
1898.000000,0.330381,0.184484,0.060067,0.047230,-0.016010,0.006686,0.018110,0.000487,0.018117,0.006320
1899.000000,0.322472,0.164203,-0.013475,0.008192,-0.009467,0.003063,0.045448,-0.010606,0.046669,0.016276
1900.000000,0.293846,0.123972,-0.110664,-0.153127,0.060632,0.005915,-0.053616,0.006311,0.053986,0.018825
1901.000000,0.338758,0.186986,0.098643,0.072451,-0.026538,0.001857,-0.075573,0.024431,0.079424,0.027680
1902.000000,0.361436,0.216733,0.081689,0.141685,-0.060929,0.003595,0.053225,-0.008195,0.053852,0.018779
1903.000000,0.324727,0.166144,-0.055023,0.000476,-0.000185,0.002751,0.119028,-0.035000,0.124067,0.043173
1904.000000,0.295177,0.126613,-0.124714,-0.177535,0.077929,0.008293,-0.000184,-0.008585,0.008587,0.002996
1905.000000,0.333625,0.170284,0.037736,-0.020630,0.008678,0.006634,-0.096063,0.028771,0.100279,0.034926
1906.000000,0.366348,0.207520,0.093447,0.112996,-0.052586,0.003448,-0.029371,0.014396,0.032709,0.011409
1907.000000,0.333864,0.158815,-0.043740,-0.020722,0.005557,0.001802,0.009028,-0.006540,0.011148,0.003889
1908.000000,0.317561,0.139777,-0.038051,-0.072681,0.034586,0.001029,-0.049460,0.008353,0.050160,0.017492
1909.000000,0.336710,0.164735,0.056109,0.032170,-0.010566,-0.002097,-0.061445,0.019391,0.064432,0.022463
1910.000000,0.358180,0.195292,0.077412,0.120505,-0.052796,-0.001555,0.034591,-0.003361,0.034754,0.012122
1911.000000,0.323123,0.149016,-0.050882,-0.013123,0.003581,-0.001602,0.081533,-0.024977,0.085273,0.029714
1912.000000,0.309803,0.140475,-0.027345,-0.028515,0.016093,-0.002996,0.056271,-0.017254,0.058857,0.020522
1913.000000,0.319040,0.158656,0.025523,0.044279,-0.016541,-0.004923,0.072970,-0.016082,0.074721,0.026044
1914.000000,0.292586,0.123297,-0.069230,-0.067402,0.023957,-0.004401,0.048109,-0.015185,0.050449,0.017593
1915.000000,0.283047,0.117308,-0.066942,-0.116766,0.047744,-0.000516,-0.061597,0.011571,0.062674,0.021851
1916.000000,0.299803,0.139841,0.019760,-0.031116,0.013003,-0.001011,-0.136548,0.036407,0.141318,0.049138
1917.000000,0.309281,0.148812,0.047173,0.022324,-0.011329,-0.003326,-0.135943,0.037512,0.141024,0.049037
1918.000000,0.322207,0.170018,0.080199,0.091215,-0.038331,-0.003504,-0.064143,0.019699,0.067100,0.023392
1919.000000,0.329379,0.189164,0.067765,0.124718,-0.050178,-0.000398,0.061983,-0.013548,0.063446,0.022120
1920.000000,0.312573,0.175561,0.001659,0.077873,-0.028633,0.001055,0.172014,-0.045161,0.177844,0.061719
1921.000000,0.273687,0.125931,-0.095625,-0.079322,0.036061,0.001075,0.154450,-0.045241,0.160940,0.055906
1922.000000,0.265748,0.118093,-0.120351,-0.190176,0.079651,0.010426,-0.010090,-0.003279,0.010609,0.003701
1923.000000,0.304646,0.161249,0.015429,-0.046649,0.014243,0.009771,-0.129108,0.036890,0.134275,0.046705
1924.000000,0.335674,0.195995,0.092405,0.092435,-0.044244,0.005133,-0.088090,0.028380,0.092549,0.032242
1925.000000,0.334880,0.195770,0.047531,0.092974,-0.039655,0.004760,0.017315,-0.003790,0.017725,0.006183
1926.000000,0.303941,0.153923,-0.036481,-0.017523,0.011361,0.002480,0.048474,-0.016841,0.051316,0.017895
1927.000000,0.288420,0.130895,-0.052578,-0.089360,0.040428,0.002644,-0.019792,0.001831,0.019877,0.006934
1928.000000,0.317337,0.168322,0.062998,0.053127,-0.022169,-0.000662,-0.025335,0.011546,0.027842,0.009712
1929.000000,0.316854,0.167055,0.023506,0.059669,-0.029042,-0.001459,0.039453,-0.008182,0.040292,0.014053
1930.000000,0.278956,0.115874,-0.095423,-0.113320,0.046251,0.000273,-0.009237,-0.004725,0.010375,0.003620
1931.000000,0.290443,0.134703,0.001975,-0.049336,0.024304,0.000654,-0.094839,0.023908,0.097806,0.034068
1932.000000,0.343562,0.208264,0.139642,0.166338,-0.069579,0.000790,-0.005538,0.010686,0.012036,0.004199
1933.000000,0.336736,0.201100,0.016773,0.114940,-0.050235,0.006058,0.148487,-0.037600,0.153174,0.053230
1934.000000,0.285554,0.133041,-0.119557,-0.098715,0.046119,0.005803,0.134877,-0.043858,0.141829,0.049315
1935.000000,0.284416,0.128402,-0.120013,-0.211657,0.091841,0.017438,-0.052696,0.007032,0.053163,0.018539
1936.000000,0.327951,0.163433,-0.003848,-0.111122,0.035971,0.019989,-0.224090,0.061844,0.232467,0.080374
1937.000000,0.418135,0.272594,0.232430,0.224507,-0.103909,0.016930,-0.122950,0.045061,0.130947,0.045554
1938.000000,0.446723,0.310004,0.084317,0.224791,-0.090582,0.028444,0.130796,-0.032864,0.134862,0.046907
1939.000000,0.378959,0.197370,-0.151876,-0.078773,0.049280,0.022009,0.180666,-0.059299,0.190149,0.065939
1940.000000,0.383377,0.180173,-0.111588,-0.179144,0.083369,0.025029,0.023360,-0.011015,0.025827,0.009009
1941.000000,0.425868,0.205106,0.012349,-0.065162,0.017444,0.019699,-0.102875,0.032040,0.107749,0.037518
1942.000000,0.455448,0.229331,0.080793,0.069903,-0.038903,0.010114,-0.085476,0.027110,0.089672,0.031242
1943.000000,0.447683,0.216963,0.030980,0.062269,-0.026580,0.005035,-0.011068,0.001854,0.011222,0.003915
1944.000000,0.433916,0.202336,0.011584,0.044982,-0.013162,0.000519,0.047967,-0.013645,0.049870,0.017391
1945.000000,0.413403,0.174693,-0.029171,-0.017813,0.009661,-0.002776,0.056762,-0.016021,0.058980,0.020565
1946.000000,0.395942,0.152736,-0.056225,-0.087018,0.035016,-0.002937,-0.010019,-0.000137,0.010020,0.003496
1947.000000,0.402638,0.165869,0.008555,-0.028222,0.010919,-0.004680,-0.069283,0.018435,0.071694,0.024991
1948.000000,0.420665,0.196370,0.072839,0.084049,-0.035676,-0.006875,-0.025722,0.010733,0.027871,0.009722
1949.000000,0.418224,0.201875,0.034726,0.096541,-0.041262,-0.005507,0.078215,-0.018408,0.080352,0.028003
1950.000000,0.376379,0.151168,-0.076626,-0.054548,0.023742,-0.005528,0.086228,-0.027653,0.090554,0.031549
1951.000000,0.362430,0.140038,-0.066206,-0.113154,0.050105,-0.002305,-0.015108,-0.000251,0.015110,0.005271
1952.000000,0.378883,0.162231,0.019023,-0.025941,0.009880,-0.003451,-0.084921,0.024253,0.088316,0.030771
1953.000000,0.381509,0.164870,0.026662,0.007742,-0.007158,-0.005949,-0.091774,0.025320,0.095203,0.033164
1954.000000,0.388428,0.182400,0.062395,0.074699,-0.031113,-0.007087,-0.037900,0.011773,0.039686,0.013842
1955.000000,0.380494,0.180654,0.031273,0.070059,-0.027654,-0.006573,0.043855,-0.010739,0.045151,0.015747
1956.000000,0.349381,0.143407,-0.047722,-0.037539,0.016842,-0.006645,0.051019,-0.016581,0.053646,0.018707
1957.000000,0.361496,0.171321,0.039754,0.062710,-0.023413,-0.008130,0.076044,-0.016741,0.077865,0.027138
1958.000000,0.350789,0.164123,-0.007731,0.046522,-0.021887,-0.007675,0.136645,-0.034015,0.140815,0.048965
1959.000000,0.307044,0.110722,-0.165900,-0.208939,0.085594,0.001395,0.017589,-0.014615,0.022869,0.007978
1960.000000,0.337732,0.148522,-0.071176,-0.201628,0.079984,0.017134,-0.213109,0.052128,0.219392,0.075928
1961.000000,0.406136,0.221019,0.169286,0.085530,-0.043551,0.009965,-0.247694,0.073842,0.258467,0.089172
1962.000000,0.495786,0.339401,0.226398,0.297820,-0.130316,0.022051,-0.007626,0.013629,0.015617,0.005448
1963.000000,0.469909,0.299700,-0.030065,0.142961,-0.046559,0.027314,0.224621,-0.064713,0.233757,0.080811
1964.000000,0.414770,0.200542,-0.188079,-0.148640,0.080508,0.021719,0.189137,-0.061268,0.198813,0.068905
1965.000000,0.443408,0.211195,-0.084330,-0.154761,0.066410,0.023869,0.015882,-0.004894,0.016619,0.005798
1966.000000,0.479374,0.231957,0.018476,-0.034758,0.002750,0.014824,-0.078750,0.025198,0.082683,0.028813
1967.000000,0.479108,0.220044,0.013343,-0.015138,-0.001526,0.005861,-0.104577,0.026580,0.107902,0.037571
1968.000000,0.473134,0.211515,0.034834,0.003867,0.000198,-0.000627,-0.108859,0.026759,0.112100,0.039027
1969.000000,0.488542,0.237627,0.096112,0.101120,-0.038109,-0.004543,-0.039042,0.014034,0.041488,0.014470
1970.000000,0.489032,0.243476,0.044525,0.111267,-0.046667,-0.004133,0.082562,-0.018380,0.084583,0.029474
1971.000000,0.448413,0.193758,-0.070433,-0.022819,0.009534,-0.005923,0.118826,-0.034944,0.123858,0.043100
1972.000000,0.428963,0.178634,-0.060242,-0.068498,0.031231,-0.006636,0.062277,-0.019530,0.065267,0.022754
1973.000000,0.425207,0.179709,-0.029971,-0.059347,0.024342,-0.007067,-0.009291,0.001876,0.009479,0.003307
1974.000000,0.419243,0.175260,-0.023280,-0.064809,0.023869,-0.007458,-0.080390,0.019790,0.082790,0.028850
1975.000000,0.435848,0.206239,0.072313,0.058451,-0.024323,-0.010133,-0.071099,0.021428,0.074258,0.025883
1976.000000,0.415375,0.182076,0.000031,-0.000516,-0.000907,-0.010889,-0.044568,0.010082,0.045694,0.015936
1977.000000,0.403255,0.175053,0.010341,-0.003858,0.004047,-0.011864,-0.047559,0.011035,0.048822,0.017026
1978.000000,0.423132,0.215104,0.086563,0.117425,-0.046481,-0.011371,0.029772,-0.002822,0.029905,0.010432
1979.000000,0.402766,0.195198,-0.011188,0.055351,-0.025316,-0.009258,0.121572,-0.031222,0.125517,0.043675
1980.000000,0.366086,0.156637,-0.081203,-0.063914,0.026909,-0.008677,0.104369,-0.031851,0.109121,0.037994
1981.000000,0.355038,0.152514,-0.059777,-0.095956,0.041880,-0.005832,0.010306,-0.005848,0.011850,0.004134
1982.000000,0.359868,0.161545,-0.017837,-0.065024,0.025441,-0.004959,-0.077838,0.020217,0.080421,0.028027
1983.000000,0.366541,0.171408,0.025427,-0.008961,0.000924,-0.006872,-0.114065,0.030742,0.118135,0.041119
1984.000000,0.393926,0.217876,0.110116,0.132489,-0.055161,-0.006545,-0.028969,0.012561,0.031575,0.011014
1985.000000,0.365568,0.182481,-0.015179,0.026581,-0.011168,-0.005460,0.050227,-0.015248,0.052491,0.018304
1986.000000,0.335987,0.147272,-0.064134,-0.082706,0.037469,-0.004774,0.006847,-0.006818,0.009663,0.003371
1987.000000,0.338255,0.152504,-0.010338,-0.059926,0.026727,-0.004093,-0.071790,0.018137,0.074046,0.025809
1988.000000,0.365082,0.190388,0.081379,0.079139,-0.034438,-0.006222,-0.046213,0.017379,0.049373,0.017218
1989.000000,0.381024,0.220209,0.069248,0.145889,-0.063186,-0.002108,0.088554,-0.018763,0.090520,0.031537
1990.000000,0.343604,0.177422,-0.050557,0.024768,-0.008086,-0.001401,0.172778,-0.048709,0.179513,0.062292
1991.000000,0.310856,0.139770,-0.102565,-0.109971,0.050755,0.000043,0.110084,-0.034612,0.115397,0.040170
1992.000000,0.312334,0.141141,-0.099132,-0.181159,0.074608,0.009239,-0.062240,0.012177,0.063420,0.022111
1993.000000,0.342812,0.168874,-0.004829,-0.099292,0.032475,0.010856,-0.212084,0.056906,0.219586,0.075994
1994.000000,0.378898,0.207343,0.122323,0.069323,-0.035124,0.004435,-0.210695,0.059938,0.219055,0.075813
1995.000000,0.437799,0.293542,0.186758,0.241060,-0.101253,0.011388,-0.016247,0.012313,0.020386,0.007112
1996.000000,0.422466,0.274811,0.004080,0.141627,-0.050397,0.016705,0.189532,-0.051796,0.196482,0.068108
1997.000000,0.368491,0.188741,-0.148333,-0.104455,0.055057,0.012419,0.183905,-0.056917,0.192511,0.066748
1998.000000,0.375746,0.186222,-0.102352,-0.165205,0.071804,0.016533,0.024255,-0.009791,0.026157,0.009124
1999.000000,0.412907,0.217016,0.020432,-0.030408,0.004809,0.010760,-0.072433,0.023261,0.076076,0.026516
2000.000000,0.426664,0.227314,0.048319,0.051089,-0.027800,0.003521,-0.051901,0.016027,0.054319,0.018941
2001.000000,0.408406,0.201910,-0.003148,0.006423,-0.002605,-0.000875,-0.023867,0.003577,0.024134,0.008419
2002.000000,0.384686,0.167998,-0.043169,-0.086615,0.038965,-0.001787,-0.079164,0.015988,0.080762,0.028145
2003.000000,0.417931,0.215660,0.106007,0.087997,-0.033704,-0.005399,-0.060024,0.021306,0.063693,0.022206
2004.000000,0.447614,0.261495,0.091447,0.181476,-0.078110,0.000033,0.102555,-0.020041,0.104495,0.036389
2005.000000,0.388458,0.180344,-0.119131,-0.057046,0.024564,0.000001,0.148130,-0.046148,0.155152,0.053912
2006.000000,0.371831,0.161060,-0.136006,-0.214902,0.094998,0.010291,-0.022428,-0.003257,0.022663,0.007906
2007.000000,0.421157,0.210779,0.055878,-0.028118,0.008430,0.008232,-0.140448,0.041945,0.146578,0.050954
2008.000000,0.477040,0.278195,0.152037,0.181491,-0.083304,0.005917,-0.031047,0.017759,0.035767,0.012476
2009.000000,0.433596,0.212207,-0.057553,-0.001019,-0.000653,0.004085,0.052323,-0.019560,0.055860,0.019478
2010.000000,0.409554,0.181548,-0.057301,-0.082827,0.041912,0.001667,-0.003862,-0.004722,0.006100,0.002128
2011.000000,0.432432,0.210008,0.059317,0.040949,-0.014180,-0.003124,-0.014692,0.008417,0.016932,0.005907
2012.000000,0.447300,0.231091,0.052382,0.112046,-0.051167,-0.003888,0.079670,-0.015523,0.081168,0.028286
2013.000000,0.403302,0.175534,-0.087774,-0.047166,0.017335,-0.004739,0.099907,-0.031515,0.104760,0.036481
2014.000000,0.381585,0.153516,-0.116559,-0.188556,0.082081,0.003469,-0.048412,0.004110,0.048586,0.016944
2015.000000,0.413764,0.187725,0.027398,-0.070425,0.027859,0.004789,-0.182673,0.049843,0.189351,0.065666
2016.000000,0.460765,0.244454,0.153314,0.130741,-0.060136,0.000368,-0.126841,0.041465,0.133447,0.046418
2017.000000,0.482213,0.278428,0.095307,0.180367,-0.077436,0.005873,0.054806,-0.010523,0.055807,0.019460
2018.000000,0.440713,0.226158,-0.052215,0.042492,-0.010615,0.004177,0.166613,-0.048531,0.173537,0.060239
2019.000000,0.413828,0.192449,-0.072025,-0.037012,0.022878,-0.000087,0.161171,-0.045172,0.167382,0.058123
2020.000000,0.394848,0.165128,-0.135665,-0.197004,0.081214,0.006832,0.011730,-0.008871,0.014707,0.005131
2021.000000,0.423790,0.194545,-0.037946,-0.150301,0.054426,0.012825,-0.179471,0.046266,0.185339,0.064290
2022.000000,0.490987,0.275959,0.189537,0.148644,-0.068092,0.005476,-0.148199,0.048067,0.155799,0.054135
2023.000000,0.503946,0.290871,0.082906,0.155389,-0.066797,0.007941,0.025108,-0.004136,0.025446,0.008877
2024.000000,0.460363,0.229241,-0.058391,0.002819,0.005443,0.003397,0.098803,-0.031595,0.103732,0.036125
2025.000000,0.440537,0.201414,-0.053592,-0.060632,0.031402,-0.000470,0.059226,-0.018323,0.061996,0.021615
2026.000000,0.434592,0.189789,-0.044097,-0.091341,0.036221,-0.001330,-0.030199,0.006945,0.030987,0.010809
2027.000000,0.445512,0.204874,0.024943,-0.011922,0.001327,-0.005057,-0.080466,0.022602,0.083580,0.029125
2028.000000,0.475693,0.255270,0.106558,0.146636,-0.062189,-0.005926,0.012759,0.002350,0.012974,0.004526
2029.000000,0.441804,0.214154,-0.036114,0.031387,-0.013325,-0.005681,0.101825,-0.029209,0.105932,0.036888
2030.000000,0.401917,0.165276,-0.121455,-0.156907,0.068986,-0.001888,0.010880,-0.011212,0.015623,0.005450
2031.000000,0.426350,0.198097,0.026637,-0.038729,0.017777,-0.002304,-0.087754,0.024942,0.091230,0.031784
2032.000000,0.452322,0.231510,0.088754,0.091496,-0.042343,-0.005797,-0.044059,0.017471,0.047397,0.016529
2033.000000,0.423705,0.193701,-0.026252,-0.006248,-0.001011,-0.007158,-0.005913,-0.001380,0.006072,0.002118
2034.000000,0.416436,0.196994,0.020297,0.027934,-0.007108,-0.009614,0.010021,-0.003455,0.010600,0.003698
2035.000000,0.416465,0.206313,0.032960,0.068378,-0.026511,-0.010520,0.069080,-0.015311,0.070756,0.024665
2036.000000,0.383025,0.165749,-0.066707,-0.051730,0.018769,-0.010171,0.066040,-0.020079,0.069025,0.024062
2037.000000,0.365351,0.152136,-0.075527,-0.127152,0.053014,-0.005664,-0.043363,0.006122,0.043793,0.015273
2038.000000,0.389809,0.189842,0.056484,0.016817,-0.005833,-0.007430,-0.090944,0.026638,0.094765,0.033012
2039.000000,0.420804,0.237961,0.105210,0.151388,-0.065404,-0.005665,0.018768,0.001820,0.018856,0.006578
2040.000000,0.372498,0.171599,-0.080031,-0.046474,0.017583,-0.004862,0.057580,-0.020805,0.061223,0.021346
2041.000000,0.353220,0.151263,-0.083204,-0.148692,0.066109,0.000393,-0.063787,0.009788,0.064534,0.022499
2042.000000,0.388846,0.195222,0.078174,0.023100,-0.008505,-0.002437,-0.117045,0.035326,0.122260,0.042547
2043.000000,0.437099,0.262170,0.136037,0.193043,-0.084937,0.000866,0.023541,0.002871,0.023715,0.008273
2044.000000,0.401664,0.215885,-0.042226,0.054817,-0.022881,0.002914,0.149642,-0.042675,0.155608,0.054069
2045.000000,0.364084,0.170480,-0.093737,-0.076884,0.039253,0.000972,0.123104,-0.038661,0.129032,0.044891
2046.000000,0.359716,0.163854,-0.070292,-0.119918,0.052569,0.003469,0.006866,-0.004325,0.008115,0.002831
2047.000000,0.369529,0.169205,-0.040824,-0.116480,0.042316,0.005332,-0.126578,0.032608,0.130711,0.045472
2048.000000,0.403392,0.210939,0.096395,0.057723,-0.028434,-0.000082,-0.141381,0.041435,0.147328,0.051213
2049.000000,0.415136,0.228576,0.086264,0.111727,-0.048140,-0.000835,-0.039373,0.013080,0.041489,0.014470
2050.000000,0.395337,0.205933,0.008607,0.053425,-0.019447,-0.001890,0.048262,-0.014120,0.050285,0.017536
2051.000000,0.370453,0.175463,-0.033316,-0.020182,0.012051,-0.004161,0.059393,-0.017976,0.062054,0.021635
2052.000000,0.372354,0.183834,0.012268,0.027683,-0.009935,-0.006692,0.068765,-0.015994,0.070601,0.024610
2053.000000,0.356574,0.166852,-0.031039,-0.009903,0.001082,-0.007846,0.075054,-0.019805,0.077623,0.027054
2054.000000,0.327365,0.132549,-0.126407,-0.185368,0.074969,-0.000162,-0.054039,0.006004,0.054372,0.018960
2055.000000,0.364458,0.183750,0.059564,-0.004607,0.003019,-0.000993,-0.142842,0.039978,0.148331,0.051559
2056.000000,0.400091,0.231057,0.123012,0.139764,-0.061110,-0.001657,-0.050759,0.020298,0.054667,0.019062
2057.000000,0.383796,0.210569,0.011368,0.074287,-0.032477,-0.000192,0.063890,-0.017306,0.066192,0.023076
2058.000000,0.364812,0.194631,-0.009183,0.046026,-0.014009,-0.002312,0.129244,-0.035381,0.133999,0.046609
2059.000000,0.328945,0.146921,-0.102684,-0.115697,0.050655,-0.000924,0.072614,-0.024336,0.076584,0.026692
2060.000000,0.332031,0.150837,-0.080047,-0.161954,0.065776,0.006478,-0.089431,0.019817,0.091600,0.031912
2061.000000,0.380466,0.209066,0.102472,0.061713,-0.029710,0.001685,-0.122583,0.038503,0.128488,0.044703
2062.000000,0.403415,0.239444,0.093850,0.142670,-0.063795,0.002641,0.002061,0.004222,0.004698,0.001639
2063.000000,0.364290,0.186058,-0.047335,-0.003007,0.003349,0.001220,0.066043,-0.022364,0.069727,0.024306
2064.000000,0.340448,0.154255,-0.070060,-0.106016,0.049675,0.001680,-0.006685,-0.003658,0.007620,0.002659
2065.000000,0.352600,0.164961,0.002082,-0.057297,0.023907,0.000972,-0.094230,0.025696,0.097671,0.034021
2066.000000,0.394762,0.220995,0.117645,0.130441,-0.057888,-0.001358,-0.032793,0.016202,0.036577,0.012758
2067.000000,0.393907,0.224698,0.034143,0.123106,-0.053513,0.002181,0.110256,-0.027283,0.113581,0.039541
2068.000000,0.352144,0.174232,-0.070357,-0.011993,0.009954,0.000440,0.159078,-0.046841,0.165831,0.057589
2069.000000,0.326790,0.142158,-0.115273,-0.155733,0.069891,0.004750,0.048631,-0.019151,0.052266,0.018226
2070.000000,0.344938,0.158521,-0.060673,-0.155323,0.060585,0.011721,-0.127215,0.032027,0.131185,0.045636
2071.000000,0.391836,0.209359,0.104860,0.054327,-0.029898,0.005371,-0.162020,0.048794,0.169208,0.058751
2072.000000,0.406460,0.225431,0.089590,0.109696,-0.050100,0.003511,-0.062753,0.019449,0.065698,0.022904
2073.000000,0.391086,0.208186,0.022912,0.067499,-0.024801,0.001877,0.033423,-0.010265,0.034964,0.012196
2074.000000,0.392083,0.218389,0.036230,0.105655,-0.037365,0.000236,0.135599,-0.033512,0.139679,0.048572
2075.000000,0.347525,0.154566,-0.110352,-0.092605,0.039136,-0.000096,0.122059,-0.036825,0.127493,0.044359
2076.000000,0.342167,0.148989,-0.125565,-0.215836,0.088719,0.011335,-0.065337,0.010114,0.066115,0.023049
2077.000000,0.401077,0.216171,0.099696,0.038605,-0.020208,0.006530,-0.138876,0.042930,0.145360,0.050534
2078.000000,0.424412,0.240607,0.093748,0.122800,-0.057072,0.004169,-0.038131,0.014974,0.040966,0.014288
2079.000000,0.402810,0.212578,-0.000318,0.054291,-0.021408,0.002320,0.055220,-0.016815,0.057723,0.020127
2080.000000,0.377676,0.181882,-0.032970,-0.014493,0.011651,-0.001166,0.070531,-0.021583,0.073759,0.025709
2081.000000,0.365010,0.165190,-0.036926,-0.052798,0.023821,-0.002843,0.028272,-0.008620,0.029557,0.010310
2082.000000,0.359107,0.157291,-0.035839,-0.073127,0.027865,-0.003057,-0.045339,0.010667,0.046577,0.016244
2083.000000,0.375674,0.183903,0.049974,0.037451,-0.016788,-0.005957,-0.053952,0.016729,0.056486,0.019696
2084.000000,0.400027,0.226861,0.088263,0.152019,-0.063779,-0.003587,0.065702,-0.011887,0.066769,0.023277
2085.000000,0.343136,0.146870,-0.120557,-0.103371,0.043150,-0.001806,0.066432,-0.025287,0.071082,0.024778
2086.000000,0.340579,0.146412,-0.079902,-0.165734,0.072299,0.006232,-0.092470,0.018556,0.094313,0.032855
2087.000000,0.397887,0.214750,0.128535,0.086649,-0.037916,0.001563,-0.110615,0.037243,0.116716,0.040627
2088.000000,0.414359,0.232982,0.074311,0.128970,-0.059944,0.002808,0.016314,0.000241,0.016316,0.005692
2089.000000,0.377378,0.185112,-0.045617,0.003074,0.000494,0.000974,0.078058,-0.025382,0.082081,0.028604
2090.000000,0.350171,0.149622,-0.081381,-0.118280,0.055006,0.002120,-0.000114,-0.006166,0.006167,0.002152
2091.000000,0.385365,0.194910,0.071007,0.053157,-0.020521,-0.001761,-0.019071,0.010670,0.021853,0.007623
2092.000000,0.391067,0.201363,0.033293,0.082898,-0.039980,-0.002627,0.061353,-0.012303,0.062574,0.021816
2093.000000,0.352584,0.153168,-0.077505,-0.058134,0.022702,-0.003267,0.060638,-0.021444,0.064318,0.022424
2094.000000,0.343456,0.149152,-0.038322,-0.072736,0.034664,-0.002687,-0.015201,0.000564,0.015211,0.005307
2095.000000,0.351467,0.159406,0.012683,-0.020205,0.008714,-0.004274,-0.062491,0.017861,0.064993,0.022659
2096.000000,0.352773,0.160730,0.020258,0.006709,-0.006038,-0.006264,-0.067383,0.018930,0.069992,0.024398
2097.000000,0.341856,0.149243,0.003544,-0.011201,0.003368,-0.007324,-0.071945,0.017315,0.073999,0.025793
2098.000000,0.352527,0.173675,0.066932,0.075412,-0.028332,-0.008158,-0.026367,0.009155,0.027911,0.009736
2099.000000,0.357379,0.189253,0.051552,0.108457,-0.044425,-0.005662,0.081593,-0.017983,0.083551,0.029115
2100.000000,0.324422,0.150436,-0.048126,-0.004023,0.001482,-0.005155,0.129199,-0.036203,0.134175,0.046670
2101.000000,0.298831,0.124007,-0.085386,-0.108364,0.046923,-0.002572,0.054387,-0.019224,0.057685,0.020114
2102.000000,0.308840,0.141409,-0.016283,-0.054336,0.022977,-0.001787,-0.032295,0.008637,0.033430,0.011661
2103.000000,0.317689,0.152841,0.017531,0.003806,-0.004777,-0.003937,-0.054858,0.016317,0.057233,0.019956
2104.000000,0.314567,0.151403,0.016868,0.018512,-0.009890,-0.005416,-0.040646,0.010834,0.042065,0.014671
2105.000000,0.293181,0.123938,-0.034861,-0.060135,0.025048,-0.004993,-0.072689,0.015137,0.074248,0.025880
2106.000000,0.304537,0.144462,0.047048,0.023534,-0.006322,-0.006336,-0.084768,0.023472,0.087958,0.030647
2107.000000,0.314705,0.160884,0.061470,0.077322,-0.032505,-0.006129,-0.021825,0.009269,0.023712,0.008272
2108.000000,0.321485,0.179630,0.054316,0.117267,-0.049262,-0.002939,0.092934,-0.021141,0.095308,0.033200
2109.000000,0.300379,0.162307,-0.011883,0.062798,-0.023794,-0.001301,0.189530,-0.050308,0.196093,0.067974
2110.000000,0.257638,0.109202,-0.127359,-0.135973,0.059915,0.001990,0.126776,-0.040239,0.133009,0.046267
2111.000000,0.268648,0.126667,-0.071568,-0.135276,0.056766,0.008424,-0.027073,0.004731,0.027483,0.009587
2112.000000,0.289302,0.145238,-0.013638,-0.072991,0.023592,0.007914,-0.138402,0.037550,0.143405,0.049859
2113.000000,0.299444,0.150141,0.022280,-0.026262,0.004599,0.004130,-0.189502,0.049963,0.195978,0.067935
2114.000000,0.328044,0.190560,0.121671,0.111592,-0.046113,0.001614,-0.126176,0.036998,0.131489,0.045741
2115.000000,0.345276,0.219156,0.095914,0.152914,-0.061848,0.005589,0.028332,-0.003608,0.028561,0.009963
2116.000000,0.312237,0.173339,-0.032562,0.021794,-0.005342,0.004768,0.113582,-0.032803,0.118224,0.041149
2117.000000,0.301322,0.162624,-0.017459,0.011003,0.000490,0.001302,0.130916,-0.034869,0.135480,0.047121
2118.000000,0.288001,0.145756,-0.042943,-0.028457,0.011659,-0.000707,0.116794,-0.031012,0.120841,0.042056
2119.000000,0.275058,0.132223,-0.065903,-0.077866,0.030191,-0.000500,0.051209,-0.015858,0.053608,0.018694
2120.000000,0.272632,0.132287,-0.052213,-0.091876,0.036621,0.001104,-0.046575,0.009539,0.047542,0.016580
2121.000000,0.281807,0.142903,-0.001054,-0.045304,0.017174,0.000245,-0.119507,0.031093,0.123486,0.042972
2122.000000,0.286536,0.144805,0.023887,-0.013567,0.003579,-0.001891,-0.149619,0.039421,0.154725,0.053765
2123.000000,0.300145,0.164175,0.076334,0.064492,-0.026480,-0.003613,-0.112462,0.031764,0.116862,0.040677
2124.000000,0.318933,0.196664,0.095312,0.137559,-0.056106,-0.000725,0.010004,0.001604,0.010132,0.003535
2125.000000,0.315184,0.200912,0.033964,0.122988,-0.048187,0.003473,0.156174,-0.039422,0.161073,0.055952
2126.000000,0.269882,0.140799,-0.093042,-0.055790,0.027420,0.002809,0.175278,-0.051224,0.182610,0.063354
2127.000000,0.257167,0.125979,-0.109356,-0.159464,0.069399,0.008556,0.041975,-0.016439,0.045079,0.015722
2128.000000,0.287984,0.160443,0.002166,-0.042554,0.014302,0.007415,-0.060341,0.018530,0.063122,0.022007
2129.000000,0.297127,0.165306,0.018025,0.005643,-0.008577,0.003008,-0.076051,0.021629,0.079067,0.027556
2130.000000,0.285367,0.146470,-0.009963,-0.029909,0.010214,0.000487,-0.093494,0.021916,0.096028,0.033450
2131.000000,0.297966,0.167522,0.065975,0.057707,-0.020303,-0.002194,-0.068460,0.019603,0.071211,0.024823
2132.000000,0.319285,0.201719,0.087783,0.139490,-0.056610,0.000084,0.052094,-0.008411,0.052769,0.018401
2133.000000,0.288128,0.159954,-0.037527,0.016774,-0.007088,0.000631,0.127881,-0.035635,0.132753,0.046178
2134.000000,0.258314,0.122934,-0.096835,-0.120050,0.052728,0.002685,0.054715,-0.020568,0.058453,0.020381
2135.000000,0.264650,0.128752,-0.071697,-0.151589,0.062488,0.009524,-0.102398,0.023563,0.105074,0.036590
2136.000000,0.304966,0.172335,0.070573,0.021938,-0.014003,0.005406,-0.157406,0.046293,0.164072,0.056984
2137.000000,0.356550,0.242670,0.151457,0.199648,-0.087475,0.008569,-0.012682,0.011553,0.017155,0.005985
2138.000000,0.349377,0.239183,0.023843,0.146393,-0.056138,0.014741,0.177341,-0.047397,0.183566,0.063682
2139.000000,0.292563,0.154204,-0.141876,-0.111599,0.057408,0.012809,0.169143,-0.053890,0.177520,0.061608
2140.000000,0.301377,0.155652,-0.095417,-0.164876,0.072785,0.018473,0.006437,-0.005216,0.008285,0.002890
2141.000000,0.338312,0.184742,0.012474,-0.045944,0.010747,0.014269,-0.100387,0.030519,0.104924,0.036538
2142.000000,0.343711,0.178143,0.011738,-0.023733,0.000737,0.007833,-0.137108,0.036209,0.141809,0.049308
2143.000000,0.343837,0.174410,0.037354,0.003254,-0.001909,0.002797,-0.145643,0.036908,0.150247,0.052220
2144.000000,0.367277,0.209273,0.112131,0.116381,-0.044742,0.000461,-0.065663,0.021335,0.069042,0.024068
2145.000000,0.380278,0.230711,0.072174,0.146168,-0.059604,0.003849,0.086330,-0.018476,0.088285,0.030760
2146.000000,0.357831,0.205529,-0.021143,0.076037,-0.028057,0.004157,0.204848,-0.054685,0.212022,0.073416
2147.000000,0.314123,0.147669,-0.130561,-0.116777,0.053343,0.004280,0.161035,-0.049101,0.168354,0.058458
2148.000000,0.320568,0.157111,-0.080346,-0.132001,0.056267,0.008509,0.018114,-0.007421,0.019575,0.006829
2149.000000,0.339596,0.173866,-0.018543,-0.071644,0.023900,0.007038,-0.090894,0.024984,0.094265,0.032838
2150.000000,0.347840,0.177411,0.016762,-0.026021,0.004987,0.002624,-0.141300,0.037307,0.146142,0.050804
2151.000000,0.362605,0.197905,0.082382,0.067135,-0.027826,-0.001278,-0.108028,0.030317,0.112201,0.039062
2152.000000,0.353943,0.185597,0.036481,0.043375,-0.016895,-0.002946,-0.047791,0.012518,0.049403,0.017229
2153.000000,0.354515,0.191805,0.046697,0.073305,-0.027848,-0.004170,0.021615,-0.003937,0.021971,0.007664
2154.000000,0.336572,0.170603,-0.008553,0.021291,-0.008421,-0.005028,0.069896,-0.018661,0.072344,0.025217
2155.000000,0.325357,0.163157,-0.010552,0.014509,-0.005180,-0.006367,0.089639,-0.023528,0.092675,0.032286
2156.000000,0.307136,0.144912,-0.042133,-0.034085,0.013591,-0.006692,0.073515,-0.020781,0.076396,0.026627
2157.000000,0.294922,0.135289,-0.048790,-0.068241,0.027767,-0.005611,0.011853,-0.005420,0.013033,0.004547
2158.000000,0.295368,0.140390,-0.016534,-0.046390,0.018637,-0.005279,-0.050964,0.012583,0.052494,0.018306
2159.000000,0.309792,0.164195,0.049446,0.048016,-0.020423,-0.006774,-0.040095,0.013297,0.042242,0.014733
2160.000000,0.292410,0.141392,-0.013042,-0.010384,0.002188,-0.006839,-0.024939,0.005074,0.025450,0.008878
2161.000000,0.275528,0.122090,-0.035270,-0.068504,0.029421,-0.005589,-0.075989,0.016084,0.077673,0.027071
2162.000000,0.306703,0.171562,0.097044,0.096251,-0.036700,-0.006518,-0.042834,0.016115,0.045765,0.015961
2163.000000,0.311310,0.181637,0.048025,0.106734,-0.046513,-0.002971,0.073559,-0.015730,0.075222,0.026218
2164.000000,0.282126,0.148894,-0.034908,0.014275,-0.005422,-0.002513,0.132626,-0.037186,0.137741,0.047902
2165.000000,0.248488,0.106940,-0.128424,-0.175395,0.075967,0.004214,0.021119,-0.013815,0.025236,0.008803
2166.000000,0.272229,0.132925,-0.055525,-0.153390,0.061260,0.013189,-0.162432,0.040923,0.167508,0.058166
2167.000000,0.347932,0.224121,0.177425,0.156457,-0.071652,0.008811,-0.127272,0.044287,0.134757,0.046871
2168.000000,0.394561,0.288298,0.119917,0.241087,-0.102642,0.021075,0.106293,-0.022060,0.108558,0.037799
2169.000000,0.333681,0.197665,-0.107817,-0.006698,0.015015,0.018387,0.212366,-0.065159,0.222137,0.076862
2170.000000,0.315850,0.154121,-0.189790,-0.271836,0.124755,0.030430,0.026243,-0.018604,0.032168,0.011221
2171.000000,0.388656,0.207839,0.014038,-0.104106,0.031911,0.031949,-0.168339,0.050428,0.175730,0.060993
2172.000000,0.472824,0.292331,0.194764,0.196737,-0.096520,0.023158,-0.082991,0.034094,0.089721,0.031260
2173.000000,0.451872,0.249447,-0.005413,0.079438,-0.032902,0.020139,0.061491,-0.020364,0.064775,0.022583
2174.000000,0.413522,0.186051,-0.085807,-0.080894,0.044449,0.013471,0.043651,-0.019406,0.047770,0.016660
2175.000000,0.419515,0.179012,-0.021590,-0.081576,0.037510,0.010218,-0.048560,0.012698,0.050193,0.017504
2176.000000,0.434223,0.184379,0.026133,-0.023165,0.003305,0.004473,-0.101680,0.029774,0.105950,0.036894
2177.000000,0.475970,0.244483,0.126341,0.163752,-0.071742,0.002476,-0.002057,0.007413,0.007693,0.002684
2178.000000,0.465289,0.238048,0.011915,0.126157,-0.050274,0.005441,0.158250,-0.041665,0.163643,0.056837
2179.000000,0.406238,0.155421,-0.161092,-0.149596,0.069577,0.006134,0.115612,-0.040527,0.122509,0.042634
2180.000000,0.421472,0.169532,-0.078375,-0.175819,0.075096,0.014627,-0.071294,0.015516,0.072963,0.025432
2181.000000,0.467815,0.213118,0.081536,0.015646,-0.014581,0.007812,-0.141676,0.043825,0.148299,0.051549
2182.000000,0.523551,0.287969,0.153746,0.215161,-0.095860,0.008906,0.010411,0.005960,0.011996,0.004185
2183.000000,0.477046,0.222939,-0.062995,0.032879,-0.009750,0.007800,0.131901,-0.040708,0.138040,0.048006
2184.000000,0.439219,0.163971,-0.162682,-0.224207,0.102281,0.014142,-0.003447,-0.010534,0.011084,0.003867
2185.000000,0.489649,0.209515,0.047614,-0.056597,0.020761,0.012928,-0.144774,0.042960,0.151013,0.052485
2186.000000,0.533973,0.255136,0.134424,0.123522,-0.061045,0.005543,-0.087349,0.031406,0.092823,0.032337
2187.000000,0.519325,0.234958,0.019985,0.075773,-0.034368,0.002957,0.020908,-0.006754,0.021972,0.007665
2188.000000,0.499910,0.219349,0.000154,0.056536,-0.016648,-0.001572,0.093970,-0.026499,0.097635,0.034008
2189.000000,0.470519,0.183088,-0.055849,-0.035908,0.018324,-0.004765,0.095978,-0.027291,0.099783,0.034754
2190.000000,0.458865,0.173767,-0.045382,-0.059248,0.023788,-0.006220,0.039572,-0.011295,0.041152,0.014353
2191.000000,0.452049,0.171888,-0.030252,-0.059123,0.021926,-0.007160,-0.027576,0.006060,0.028234,0.009849
2192.000000,0.447159,0.172494,-0.005862,-0.042695,0.016495,-0.008427,-0.083742,0.020601,0.086239,0.030049
2193.000000,0.468638,0.213114,0.091868,0.097853,-0.039485,-0.010353,-0.037621,0.014134,0.040188,0.014017
2194.000000,0.445137,0.186791,-0.006328,0.023666,-0.011498,-0.010249,0.023576,-0.007061,0.024611,0.008585
2195.000000,0.422191,0.167009,-0.025985,-0.025161,0.012077,-0.011012,0.017624,-0.007255,0.019059,0.006649
2196.000000,0.407798,0.156367,-0.023486,-0.052156,0.023302,-0.010627,-0.029196,0.005670,0.029741,0.010375
2197.000000,0.416040,0.176174,0.039241,0.028422,-0.011347,-0.011963,-0.034247,0.011317,0.036068,0.012581
2198.000000,0.405652,0.169009,0.008970,0.018953,-0.010202,-0.012275,-0.008377,0.002637,0.008782,0.003064
2199.000000,0.394421,0.165982,0.008501,0.021991,-0.008893,-0.012517,0.015246,-0.004374,0.015861,0.005533
2200.000000,0.383389,0.163090,0.005953,0.023484,-0.008629,-0.012549,0.041345,-0.010688,0.042704,0.014894
2201.000000,0.360146,0.139957,-0.041614,-0.046000,0.018619,-0.011540,0.021275,-0.007859,0.022680,0.007912
2202.000000,0.365238,0.159125,0.023985,0.026705,-0.010075,-0.012026,0.018085,-0.003046,0.018340,0.006398
2203.000000,0.347565,0.141631,-0.024642,-0.020385,0.006211,-0.011474,0.016741,-0.005342,0.017573,0.006130
2204.000000,0.342143,0.145993,0.002557,0.004211,-0.001375,-0.011517,0.010212,-0.002852,0.010603,0.003699
2205.000000,0.329266,0.136449,-0.013566,-0.017104,0.006917,-0.011048,0.000632,-0.001111,0.001278,0.000446
2206.000000,0.310339,0.115934,-0.054461,-0.093730,0.038355,-0.007951,-0.070525,0.014526,0.072005,0.025099
2207.000000,0.325244,0.141990,0.040401,0.004402,-0.000219,-0.008296,-0.111098,0.030341,0.115167,0.040090
2208.000000,0.334783,0.158119,0.061541,0.063595,-0.027264,-0.008441,-0.066334,0.020227,0.069349,0.024175
2209.000000,0.326751,0.153082,0.027703,0.050951,-0.021850,-0.007508,-0.002621,0.001134,0.002856,0.000996
2210.000000,0.345258,0.195349,0.079071,0.152117,-0.059877,-0.003694,0.123406,-0.027949,0.126531,0.044026
2211.000000,0.311140,0.156829,-0.045995,0.032125,-0.011572,-0.001685,0.215523,-0.057935,0.223174,0.077215
2212.000000,0.271627,0.109068,-0.168796,-0.208856,0.090206,0.007096,0.089471,-0.032919,0.095335,0.033210
2213.000000,0.305672,0.149505,-0.067458,-0.167680,0.066380,0.018185,-0.119154,0.029763,0.122815,0.042739
2214.000000,0.347142,0.185633,0.060282,-0.007464,-0.007183,0.012186,-0.200924,0.057657,0.209033,0.072397
2215.000000,0.395775,0.246837,0.160012,0.175085,-0.078622,0.010497,-0.085824,0.029751,0.090834,0.031646
2216.000000,0.377496,0.219602,0.018833,0.082634,-0.031662,0.010672,0.050751,-0.015555,0.053081,0.018510
2217.000000,0.341302,0.164082,-0.068854,-0.066359,0.034692,0.006969,0.044201,-0.017390,0.047499,0.016565
2218.000000,0.358955,0.184582,0.034257,0.029052,-0.008310,0.002001,0.032924,-0.005296,0.033347,0.011632
2219.000000,0.351523,0.169837,-0.011989,0.006628,-0.007230,-0.001158,0.050827,-0.012004,0.052225,0.018212
2220.000000,0.326015,0.137516,-0.080602,-0.104518,0.040734,-0.000502,-0.016398,-0.001089,0.016434,0.005733
2221.000000,0.343756,0.167460,0.038042,0.012030,-0.002119,-0.002994,-0.056647,0.016056,0.058878,0.020529
2222.000000,0.375191,0.215185,0.097285,0.147090,-0.061403,-0.002049,0.047943,-0.005853,0.048299,0.016844
2223.000000,0.330795,0.152294,-0.079385,-0.041600,0.015036,-0.001545,0.088010,-0.027719,0.092272,0.032146
2224.000000,0.313282,0.134979,-0.077977,-0.123281,0.054650,0.001549,-0.014159,-0.002131,0.014318,0.004995
2225.000000,0.335697,0.162908,0.030635,-0.013556,0.006469,-0.000253,-0.080298,0.023506,0.083668,0.029156
2226.000000,0.338017,0.160754,0.020918,0.006136,-0.007057,-0.003026,-0.082433,0.023202,0.085636,0.029840
2227.000000,0.332486,0.155654,0.019929,0.011977,-0.006337,-0.004925,-0.071574,0.018077,0.073822,0.025731
2228.000000,0.341173,0.176221,0.065753,0.083079,-0.031699,-0.005663,-0.010087,0.004797,0.011170,0.003897
2229.000000,0.344693,0.189921,0.047219,0.110275,-0.044363,-0.003352,0.102602,-0.023807,0.105328,0.036678
2230.000000,0.317856,0.160755,-0.034126,0.028257,-0.010858,-0.002982,0.172764,-0.046363,0.178877,0.062073
2231.000000,0.284506,0.122529,-0.105674,-0.114851,0.049476,-0.000710,0.108426,-0.033931,0.113611,0.039551
2232.000000,0.285745,0.126140,-0.120843,-0.215182,0.087976,0.012538,-0.088745,0.017136,0.090384,0.031490
2233.000000,0.332897,0.174850,0.042441,-0.043785,0.010659,0.011509,-0.217040,0.060727,0.225376,0.077964
2234.000000,0.399334,0.258722,0.193903,0.200908,-0.090389,0.010569,-0.101189,0.036501,0.107571,0.037457
2235.000000,0.373963,0.216969,0.001890,0.062604,-0.025325,0.011326,0.033989,-0.012179,0.036105,0.012593
2236.000000,0.345228,0.173955,-0.044853,-0.039487,0.024234,0.006511,0.036280,-0.014392,0.039030,0.013613
2237.000000,0.372887,0.210775,0.068855,0.097317,-0.035622,0.001806,0.083312,-0.016285,0.084889,0.029580
2238.000000,0.352666,0.179388,-0.038785,0.017613,-0.011316,-0.000082,0.140172,-0.036411,0.144824,0.050349
2239.000000,0.318684,0.137999,-0.132521,-0.158755,0.065491,0.003534,0.041476,-0.019011,0.045625,0.015912
2240.000000,0.337168,0.162782,-0.030611,-0.104546,0.044389,0.007018,-0.102011,0.025065,0.105045,0.036580
2241.000000,0.370638,0.198878,0.082809,0.050365,-0.024298,0.001767,-0.116269,0.035852,0.121671,0.042343
2242.000000,0.366623,0.187830,0.033919,0.039010,-0.020858,-0.000957,-0.066606,0.018226,0.069055,0.024072
2243.000000,0.372938,0.205358,0.065124,0.100328,-0.039196,-0.002093,0.018992,-0.003382,0.019291,0.006730
2244.000000,0.351543,0.180530,-0.008408,0.034701,-0.011685,-0.002916,0.088763,-0.024227,0.092010,0.032055
2245.000000,0.321423,0.141382,-0.078363,-0.090723,0.039043,-0.002368,0.043738,-0.015834,0.046516,0.016222
2246.000000,0.325433,0.149788,-0.021627,-0.063363,0.026689,-0.001873,-0.040860,0.010000,0.042066,0.014671
2247.000000,0.343695,0.175397,0.049547,0.042644,-0.019576,-0.004601,-0.041442,0.014358,0.043859,0.015296
2248.000000,0.348459,0.186916,0.043844,0.084940,-0.037554,-0.004553,0.035530,-0.006749,0.036165,0.012614
2249.000000,0.318543,0.151482,-0.039381,-0.012950,0.005712,-0.004821,0.066164,-0.020563,0.069286,0.024153
2250.000000,0.300525,0.133514,-0.047941,-0.069418,0.031808,-0.004124,0.013435,-0.006939,0.015121,0.005275
2251.000000,0.300180,0.134259,-0.023181,-0.064948,0.027135,-0.003200,-0.062420,0.015540,0.064325,0.022426
2252.000000,0.310256,0.147594,0.025167,-0.001681,-0.001482,-0.004796,-0.093654,0.026106,0.097224,0.033866
2253.000000,0.323385,0.169904,0.066738,0.078746,-0.033940,-0.005492,-0.041386,0.013794,0.043624,0.015215
2254.000000,0.320025,0.173043,0.038412,0.083736,-0.034406,-0.003980,0.051456,-0.012228,0.052889,0.018443
2255.000000,0.283199,0.125397,-0.066203,-0.061755,0.027215,-0.003313,0.048587,-0.017542,0.051657,0.018014
2256.000000,0.286425,0.136177,0.000382,-0.016948,0.010315,-0.004101,0.008609,-0.002100,0.008861,0.003091
2257.000000,0.322368,0.191888,0.089919,0.144782,-0.060556,-0.002915,0.098315,-0.018428,0.100027,0.034839
2258.000000,0.275405,0.126896,-0.098072,-0.060051,0.021510,-0.001336,0.124882,-0.037674,0.130441,0.045379
2259.000000,0.263894,0.112557,-0.184661,-0.301653,0.125506,0.020358,-0.104394,0.014828,0.105442,0.036718
2260.000000,0.340583,0.188070,0.073143,-0.051015,0.012467,0.022270,-0.276837,0.078475,0.287745,0.099007
2261.000000,0.429889,0.289400,0.244221,0.234744,-0.109742,0.020754,-0.140527,0.050339,0.149271,0.051884
2262.000000,0.470128,0.339998,0.100227,0.251479,-0.100472,0.034096,0.135465,-0.033612,0.139573,0.048536
2263.000000,0.406744,0.233004,-0.132138,-0.012190,0.025482,0.025710,0.241899,-0.074392,0.253080,0.087354
2264.000000,0.395034,0.189184,-0.165220,-0.207505,0.099548,0.028086,0.095484,-0.033098,0.101058,0.035197
2265.000000,0.447779,0.222833,-0.009810,-0.084734,0.026569,0.024253,-0.057422,0.019910,0.060776,0.021190
2266.000000,0.465729,0.224110,0.023683,-0.013382,-0.007025,0.013165,-0.105004,0.029755,0.109138,0.038000
2267.000000,0.468665,0.223708,0.048592,0.038282,-0.017705,0.004820,-0.085109,0.021862,0.087872,0.030617
2268.000000,0.480944,0.245640,0.082426,0.118053,-0.044611,0.000951,0.012027,-0.000355,0.012032,0.004198
2269.000000,0.450889,0.202875,-0.031622,0.008146,-0.001913,-0.002028,0.072104,-0.020666,0.075007,0.026144
2270.000000,0.424656,0.169833,-0.070401,-0.093553,0.039946,-0.002780,0.012954,-0.007695,0.015067,0.005256
2271.000000,0.429877,0.180153,0.000136,-0.045625,0.019330,-0.004226,-0.061031,0.015950,0.063081,0.021993
2272.000000,0.436142,0.190442,0.036597,0.016180,-0.008627,-0.007485,-0.071315,0.020577,0.074224,0.025871
2273.000000,0.443807,0.209324,0.061524,0.086384,-0.036939,-0.008657,-0.005657,0.004335,0.007127,0.002486
2274.000000,0.427629,0.197423,0.007818,0.056922,-0.023515,-0.008501,0.072727,-0.019120,0.075198,0.026210
2275.000000,0.410234,0.187007,-0.011180,0.038816,-0.014064,-0.009340,0.125449,-0.033003,0.129718,0.045128
2276.000000,0.371749,0.141937,-0.112628,-0.130925,0.054573,-0.005922,0.055361,-0.020380,0.058993,0.020569
2277.000000,0.376494,0.154306,-0.062684,-0.144707,0.059534,0.001361,-0.102224,0.023401,0.104868,0.036519
2278.000000,0.420147,0.210700,0.108080,0.069378,-0.031487,-0.002786,-0.122347,0.038245,0.128185,0.044598
2279.000000,0.427168,0.220460,0.066766,0.099533,-0.045705,-0.002886,-0.023191,0.008966,0.024864,0.008673
2280.000000,0.403512,0.195218,-0.003744,0.037528,-0.013776,-0.004040,0.048149,-0.014965,0.050421,0.017583
2281.000000,0.375817,0.162627,-0.045639,-0.050337,0.024975,-0.005229,0.031620,-0.011955,0.033805,0.011791
2282.000000,0.373215,0.162723,-0.009578,-0.035994,0.016463,-0.006228,-0.015916,0.004183,0.016457,0.005741
2283.000000,0.381182,0.177333,0.031542,0.031546,-0.015043,-0.008271,-0.011319,0.005691,0.012669,0.004420
2284.000000,0.370949,0.169776,0.003768,0.023672,-0.012361,-0.009049,0.019266,-0.004916,0.019883,0.006936
2285.000000,0.352468,0.154098,-0.019191,-0.012306,0.005684,-0.009465,0.021980,-0.007809,0.023326,0.008137
2286.000000,0.353662,0.167069,0.025250,0.041785,-0.014989,-0.010254,0.044546,-0.010103,0.045677,0.015930
2287.000000,0.329224,0.138278,-0.046242,-0.043609,0.016208,-0.009496,0.034563,-0.010985,0.036267,0.012650
2288.000000,0.312251,0.122114,-0.073443,-0.126375,0.051766,-0.004616,-0.070663,0.013477,0.071937,0.025075
2289.000000,0.343371,0.168922,0.075397,0.043312,-0.016556,-0.006271,-0.100006,0.029860,0.104369,0.036346
2290.000000,0.347835,0.175742,0.051356,0.069843,-0.031784,-0.006186,-0.032965,0.011377,0.034873,0.012164
2291.000000,0.331433,0.159480,0.004774,0.030103,-0.012724,-0.006197,0.019635,-0.006259,0.020608,0.007189
2292.000000,0.325428,0.162069,0.021053,0.048911,-0.017057,-0.006835,0.066585,-0.016914,0.068700,0.023949
2293.000000,0.308305,0.144960,-0.019488,0.005531,-0.001846,-0.007055,0.093068,-0.024555,0.096253,0.033528
2294.000000,0.282789,0.115575,-0.082847,-0.106593,0.043138,-0.004235,0.023879,-0.010580,0.026118,0.009111
2295.000000,0.287398,0.126719,-0.034369,-0.087843,0.036199,-0.001229,-0.084507,0.020219,0.086892,0.030276
2296.000000,0.313237,0.161970,0.066748,0.047840,-0.020972,-0.003641,-0.092903,0.028212,0.097092,0.033820
2297.000000,0.327411,0.184887,0.072932,0.111459,-0.048611,-0.002295,0.004328,0.002728,0.005116,0.001785
2298.000000,0.320816,0.186145,0.029067,0.103049,-0.041193,0.000330,0.125199,-0.032033,0.129232,0.044960
2299.000000,0.268877,0.114062,-0.139130,-0.155047,0.068242,0.004133,0.068292,-0.026993,0.073433,0.025596
2300.000000,0.285463,0.130111,-0.102764,-0.220830,0.090411,0.019416,-0.150642,0.034550,0.154553,0.053705
2301.000000,0.374189,0.229827,0.185665,0.135790,-0.064545,0.013042,-0.160394,0.053903,0.169209,0.058752
2302.000000,0.440388,0.314219,0.150426,0.268934,-0.116643,0.025422,0.082357,-0.013511,0.083458,0.029083
2303.000000,0.366547,0.193776,-0.152045,-0.069765,0.040759,0.021940,0.159085,-0.054457,0.168148,0.058386
2304.000000,0.365959,0.173885,-0.106361,-0.173168,0.083388,0.024495,0.010088,-0.009022,0.013534,0.004721
2305.000000,0.422940,0.219529,0.073886,0.029257,-0.017684,0.015742,-0.050329,0.021691,0.054804,0.019110
2306.000000,0.430763,0.215227,0.028553,0.058387,-0.034053,0.008773,0.002642,0.002006,0.003317,0.001157
2307.000000,0.401473,0.174647,-0.049155,-0.037450,0.015717,0.004041,0.004545,-0.006787,0.008168,0.002850
2308.000000,0.397055,0.171522,0.001803,-0.019716,0.014182,0.000095,-0.026067,0.005306,0.026602,0.009280
2309.000000,0.407584,0.185037,0.045174,0.047510,-0.018931,-0.003581,-0.003223,0.004521,0.005552,0.001937
2310.000000,0.383896,0.151048,-0.040986,-0.045391,0.014550,-0.004904,-0.011810,0.001001,0.011852,0.004135
2311.000000,0.377776,0.150855,-0.005281,-0.032244,0.014324,-0.006105,-0.054562,0.012333,0.055938,0.019505
2312.000000,0.382878,0.163672,0.039704,0.028037,-0.009778,-0.008015,-0.050684,0.014711,0.052776,0.018404
2313.000000,0.392764,0.184817,0.059798,0.093950,-0.039404,-0.007695,0.025599,-0.002910,0.025764,0.008987
2314.000000,0.370547,0.162057,-0.014904,0.029590,-0.013562,-0.007083,0.089115,-0.024112,0.092319,0.032162
2315.000000,0.340258,0.129856,-0.068539,-0.075132,0.032624,-0.006104,0.052265,-0.018234,0.055354,0.019302
2316.000000,0.352008,0.155233,0.022406,0.018685,-0.005395,-0.007473,0.030175,-0.005776,0.030723,0.010717
2317.000000,0.343302,0.147307,-0.010462,0.006422,-0.005815,-0.008153,0.043238,-0.010317,0.044452,0.015503
2318.000000,0.314885,0.113873,-0.092296,-0.128341,0.050784,-0.004260,-0.040191,0.004481,0.040440,0.014105
2319.000000,0.330734,0.141214,0.018510,-0.035382,0.016773,-0.003645,-0.123435,0.032114,0.127544,0.044376
2320.000000,0.350217,0.167803,0.077827,0.066180,-0.028093,-0.005527,-0.095272,0.028965,0.099578,0.034683
2321.000000,0.336111,0.148196,0.010487,0.016161,-0.009093,-0.005808,-0.053852,0.013460,0.055509,0.019356
2322.000000,0.340335,0.164602,0.054827,0.074376,-0.028071,-0.006331,0.003733,0.000489,0.003765,0.001313
2323.000000,0.348044,0.186737,0.054913,0.121946,-0.048483,-0.003585,0.120278,-0.027872,0.123465,0.042965
2324.000000,0.321519,0.159291,-0.033963,0.040747,-0.016007,-0.002472,0.204276,-0.054130,0.211326,0.073179
2325.000000,0.279330,0.107296,-0.181460,-0.228850,0.097814,0.007971,0.068852,-0.028593,0.074553,0.025986
2326.000000,0.320264,0.153598,-0.076379,-0.199470,0.077669,0.023336,-0.169658,0.042427,0.174882,0.060702
2327.000000,0.402862,0.242714,0.182393,0.134530,-0.066351,0.015082,-0.170150,0.055971,0.179119,0.062157
2328.000000,0.438827,0.283059,0.116789,0.197309,-0.087343,0.019743,0.024861,-0.001658,0.024916,0.008692
2329.000000,0.388458,0.205008,-0.074770,-0.007307,0.011779,0.014999,0.110903,-0.037202,0.116976,0.040717
2330.000000,0.372852,0.174633,-0.062880,-0.082802,0.043985,0.010772,0.051489,-0.017430,0.054359,0.018955
2331.000000,0.386134,0.179501,-0.004036,-0.038090,0.014235,0.006217,-0.012497,0.005826,0.013788,0.004810
2332.000000,0.378463,0.160387,-0.042195,-0.085145,0.027758,0.003664,-0.087192,0.021157,0.089722,0.031260
2333.000000,0.385729,0.170401,0.024369,-0.024234,0.008628,0.000111,-0.142781,0.036512,0.147376,0.051230
2334.000000,0.416888,0.217733,0.124100,0.128170,-0.051382,-0.002090,-0.067582,0.022979,0.071382,0.024882
2335.000000,0.445332,0.266108,0.093405,0.202508,-0.082905,0.005891,0.127432,-0.027677,0.130403,0.045366
2336.000000,0.396323,0.201418,-0.085172,0.023180,-0.004259,0.005577,0.236405,-0.066714,0.245638,0.084838
2337.000000,0.361116,0.154896,-0.162850,-0.185657,0.084851,0.010004,0.121619,-0.040837,0.128292,0.044635
2338.000000,0.389873,0.181279,-0.089942,-0.198416,0.078839,0.021217,-0.096746,0.023098,0.099465,0.034644
2339.000000,0.445283,0.232150,0.094950,0.026334,-0.021988,0.012584,-0.170043,0.051630,0.177708,0.061672
2340.000000,0.475976,0.265685,0.121215,0.142971,-0.065947,0.008483,-0.061163,0.021010,0.064671,0.022546
2341.000000,0.437027,0.206662,-0.034886,-0.009810,0.006956,0.004363,-0.001486,-0.005317,0.005521,0.001926
2342.000000,0.421608,0.183630,-0.020210,-0.054053,0.028950,0.000653,-0.042388,0.008117,0.043158,0.015052
2343.000000,0.435020,0.198116,0.051611,0.025538,-0.009911,-0.003831,-0.050268,0.016782,0.052995,0.018480
2344.000000,0.459529,0.236026,0.083834,0.137740,-0.060590,-0.003778,0.054255,-0.008144,0.054863,0.019131
2345.000000,0.430653,0.204729,-0.033928,0.051975,-0.022427,-0.003245,0.153072,-0.041950,0.158716,0.055140
2346.000000,0.387874,0.154960,-0.121053,-0.122606,0.055350,-0.001828,0.094583,-0.032313,0.099950,0.034812
2347.000000,0.396414,0.170005,-0.037639,-0.091234,0.040084,0.000353,-0.023452,0.005261,0.024035,0.008384
2348.000000,0.410787,0.185656,0.020778,-0.012884,0.000850,-0.002989,-0.074289,0.022168,0.077526,0.027020
2349.000000,0.403421,0.175806,0.005202,-0.017063,0.002785,-0.005797,-0.091779,0.023116,0.094645,0.032970
2350.000000,0.397085,0.173199,0.026157,-0.000235,0.001689,-0.007979,-0.100003,0.024724,0.103014,0.035875
2351.000000,0.435284,0.239056,0.133612,0.174103,-0.068948,-0.005923,0.017109,0.002461,0.017285,0.006030
2352.000000,0.420720,0.226005,0.002229,0.108224,-0.045176,-0.000876,0.170388,-0.043411,0.175831,0.061028
2353.000000,0.363695,0.150359,-0.166483,-0.167012,0.073091,0.002525,0.107881,-0.038324,0.114486,0.039854
2354.000000,0.381703,0.172520,-0.078773,-0.181380,0.076695,0.013260,-0.090684,0.019987,0.092860,0.032350
2355.000000,0.423854,0.209810,0.066433,-0.015614,-0.001458,0.008170,-0.184560,0.053632,0.192195,0.066640
2356.000000,0.469106,0.265840,0.152777,0.163010,-0.074530,0.005264,-0.081567,0.028759,0.086488,0.030136
2357.000000,0.447922,0.236479,0.011821,0.074667,-0.029831,0.004719,0.044103,-0.013986,0.046268,0.016136
2358.000000,0.433409,0.223718,0.002887,0.064020,-0.018495,0.000374,0.121580,-0.032734,0.125910,0.043811
2359.000000,0.419406,0.207898,-0.024403,0.040455,-0.013845,-0.003046,0.178430,-0.045520,0.184145,0.063881
2360.000000,0.381751,0.160146,-0.135697,-0.140880,0.056618,-0.001069,0.102351,-0.032529,0.107396,0.037396
2361.000000,0.388835,0.175056,-0.086763,-0.169391,0.068640,0.007038,-0.076242,0.015439,0.077789,0.027111
2362.000000,0.413884,0.197139,0.012699,-0.086680,0.029968,0.006828,-0.212326,0.056345,0.219675,0.076024
2363.000000,0.443293,0.227972,0.124398,0.061156,-0.029742,0.000212,-0.210892,0.059442,0.219109,0.075832
2364.000000,0.473549,0.272491,0.148092,0.164706,-0.069502,0.001172,-0.071496,0.023841,0.075366,0.026269
2365.000000,0.488504,0.302922,0.073846,0.192621,-0.075225,0.007647,0.133584,-0.032260,0.137424,0.047793
2366.000000,0.439748,0.235290,-0.092669,0.020801,-0.000366,0.004693,0.236336,-0.066624,0.245547,0.084807
2367.000000,0.408486,0.192158,-0.143389,-0.138875,0.063583,0.004669,0.152093,-0.045878,0.158862,0.055190
2368.000000,0.421367,0.205424,-0.081589,-0.144267,0.057442,0.008492,-0.009027,0.000620,0.009048,0.003157
2369.000000,0.440038,0.220241,-0.008866,-0.079874,0.025334,0.005626,-0.129055,0.034375,0.133555,0.046456
2370.000000,0.461692,0.245398,0.088686,0.052099,-0.025017,-0.001414,-0.130761,0.037065,0.135913,0.047271
2371.000000,0.459138,0.242609,0.062425,0.066731,-0.027658,-0.004833,-0.061760,0.016868,0.064022,0.022320
2372.000000,0.434269,0.210400,-0.002984,-0.005808,0.004754,-0.007553,-0.034891,0.006546,0.035500,0.012382
2373.000000,0.447522,0.238693,0.073079,0.097349,-0.036687,-0.009674,0.027935,-0.003515,0.028155,0.009821
2374.000000,0.425701,0.213564,-0.017409,0.033215,-0.015913,-0.009903,0.095478,-0.024682,0.098617,0.034349
2375.000000,0.389240,0.172815,-0.094659,-0.104607,0.042998,-0.008347,0.040587,-0.016370,0.043764,0.015263
2376.000000,0.399624,0.197115,0.014116,-0.011989,0.007358,-0.009386,-0.015850,0.004974,0.016612,0.005795
2377.000000,0.409199,0.215613,0.043544,0.066221,-0.029438,-0.010912,0.023244,-0.002273,0.023355,0.008147
2378.000000,0.382322,0.185120,-0.038166,-0.012869,0.002069,-0.011079,0.045352,-0.013946,0.047448,0.016547
2379.000000,0.358888,0.163900,-0.055630,-0.083037,0.035998,-0.009421,-0.016471,-0.000388,0.016476,0.005748
2380.000000,0.359607,0.170325,-0.002541,-0.053182,0.024237,-0.008467,-0.090813,0.022767,0.093623,0.032615
2381.000000,0.378779,0.199617,0.074935,0.061888,-0.026193,-0.010153,-0.073871,0.023382,0.077483,0.027005
2382.000000,0.372095,0.194649,0.031482,0.055272,-0.025613,-0.009653,-0.008074,0.003170,0.008674,0.003026
2383.000000,0.351585,0.175711,-0.006420,0.011825,-0.003806,-0.009859,0.025487,-0.008612,0.026903,0.009385
2384.000000,0.352554,0.189473,0.033014,0.066018,-0.024125,-0.010239,0.075566,-0.017813,0.077637,0.027058
2385.000000,0.317280,0.144261,-0.078728,-0.078090,0.030693,-0.008534,0.053609,-0.017674,0.056447,0.019683
2386.000000,0.315264,0.150891,-0.028002,-0.061083,0.025956,-0.007030,-0.023603,0.004547,0.024037,0.008385
2387.000000,0.325198,0.168558,0.029485,0.015661,-0.007020,-0.008327,-0.041358,0.012782,0.043288,0.015097
2388.000000,0.317772,0.161460,0.007454,0.010821,-0.006645,-0.008886,-0.026878,0.007171,0.027818,0.009704
2389.000000,0.305242,0.150569,-0.003271,-0.008090,0.003618,-0.009095,-0.027389,0.005654,0.027966,0.009756
2390.000000,0.309060,0.164480,0.039956,0.048768,-0.017922,-0.009495,0.001714,0.001142,0.002060,0.000719
2391.000000,0.306664,0.168315,0.026521,0.064192,-0.026947,-0.008434,0.067616,-0.015532,0.069377,0.024185
2392.000000,0.274613,0.129231,-0.063436,-0.056653,0.022175,-0.007117,0.059233,-0.019139,0.062248,0.021703
2393.000000,0.267535,0.128125,-0.035387,-0.065101,0.028808,-0.005423,-0.010796,0.000411,0.010804,0.003769
2394.000000,0.270356,0.133554,-0.006865,-0.038299,0.015495,-0.005160,-0.066759,0.017491,0.069012,0.024058
2395.000000,0.277570,0.144627,0.028735,0.016054,-0.008228,-0.006282,-0.073736,0.020793,0.076612,0.026702
2396.000000,0.276819,0.147008,0.031817,0.037111,-0.016219,-0.006628,-0.041368,0.011591,0.042961,0.014983
2397.000000,0.271074,0.145235,0.024980,0.040734,-0.015820,-0.006489,0.003228,-0.000585,0.003281,0.001145
2398.000000,0.271802,0.155048,0.036392,0.072714,-0.028271,-0.005730,0.071132,-0.016656,0.073056,0.025465
2399.000000,0.249280,0.129377,-0.028723,-0.000811,0.000146,-0.005183,0.104333,-0.028413,0.108133,0.037651
2400.000000,0.226244,0.103746,-0.076240,-0.099250,0.041428,-0.002524,0.037111,-0.014007,0.039666,0.013835
2401.000000,0.231738,0.114565,-0.032622,-0.077036,0.032035,-0.000154,-0.060635,0.014570,0.062361,0.021742
2402.000000,0.253992,0.144025,0.049021,0.037467,-0.017260,-0.002218,-0.070993,0.022075,0.074346,0.025914
2403.000000,0.265986,0.163403,0.061054,0.096704,-0.042423,-0.001399,0.011521,0.000315,0.011525,0.004021
2404.000000,0.234513,0.121719,-0.041875,-0.025647,0.010751,-0.001118,0.038967,-0.014118,0.041446,0.014455
2405.000000,0.215646,0.097089,-0.079112,-0.131740,0.057391,0.003185,-0.061527,0.010311,0.062385,0.021750
2406.000000,0.243331,0.129935,0.036806,-0.010465,0.004558,0.002109,-0.129422,0.036660,0.134514,0.046787
2407.000000,0.306234,0.217841,0.161729,0.212455,-0.091603,0.006607,0.008892,0.007975,0.011944,0.004167
2408.000000,0.286291,0.193930,-0.002930,0.104631,-0.042119,0.012794,0.177018,-0.048145,0.183448,0.063642
2409.000000,0.234819,0.120093,-0.145701,-0.149347,0.071606,0.013957,0.124149,-0.043096,0.131416,0.045716
2410.000000,0.255571,0.137593,-0.063947,-0.139609,0.061002,0.019290,-0.038817,0.008551,0.039748,0.013863
2411.000000,0.295704,0.172263,0.046876,0.010943,-0.012648,0.013010,-0.095672,0.031057,0.100587,0.035033
2412.000000,0.304906,0.176046,0.042430,0.054765,-0.029853,0.008093,-0.053432,0.016001,0.055776,0.019449
2413.000000,0.285485,0.147945,-0.011464,-0.007719,0.004026,0.004718,-0.033180,0.005220,0.033588,0.011716
2414.000000,0.278914,0.138352,0.003764,-0.014722,0.010492,0.001841,-0.046653,0.010888,0.047907,0.016707
2415.000000,0.302339,0.171232,0.077813,0.096256,-0.038295,-0.000069,0.011375,0.002188,0.011584,0.004041
2416.000000,0.289530,0.153728,0.000554,0.046131,-0.021817,0.000094,0.086956,-0.022067,0.089712,0.031256
2417.000000,0.267331,0.130398,-0.036154,-0.014285,0.007109,-0.001161,0.098679,-0.028534,0.102722,0.035774
2418.000000,0.252784,0.116152,-0.046544,-0.058286,0.026489,-0.001143,0.052787,-0.016358,0.055263,0.019270
2419.000000,0.243438,0.103130,-0.081289,-0.136502,0.055092,0.003616,-0.065926,0.013454,0.067285,0.023456
2420.000000,0.272780,0.140281,0.040952,0.000453,-0.002573,0.001710,-0.128632,0.036543,0.133722,0.046513
2421.000000,0.287727,0.158254,0.067678,0.071760,-0.032976,-0.000106,-0.079957,0.024146,0.083523,0.029105
2422.000000,0.289786,0.166159,0.053469,0.091689,-0.037784,0.000664,0.015021,-0.002506,0.015229,0.005313
2423.000000,0.273552,0.150055,0.005767,0.046943,-0.016207,0.000404,0.089010,-0.024136,0.092224,0.032129
2424.000000,0.248117,0.117439,-0.051315,-0.048561,0.022536,-0.000177,0.077953,-0.023325,0.081368,0.028356
2425.000000,0.242064,0.111424,-0.043881,-0.072551,0.030523,0.000581,0.006607,-0.003413,0.007436,0.002594
2426.000000,0.247293,0.118154,-0.015065,-0.044353,0.016233,0.000081,-0.056795,0.014938,0.058727,0.020476
2427.000000,0.261182,0.138495,0.041070,0.039357,-0.017912,-0.002000,-0.050756,0.015641,0.053111,0.018521
2428.000000,0.273816,0.162146,0.064161,0.106719,-0.044541,-0.000923,0.039363,-0.007005,0.039981,0.013945
2429.000000,0.241970,0.120734,-0.042130,-0.016390,0.007413,-0.000594,0.077670,-0.023636,0.081187,0.028293
2430.000000,0.221711,0.095968,-0.077924,-0.117942,0.051528,0.002558,-0.009355,-0.002748,0.009750,0.003402
2431.000000,0.240432,0.119108,0.006359,-0.037271,0.015472,0.002406,-0.088947,0.024667,0.092304,0.032157
2432.000000,0.258777,0.140362,0.053083,0.050302,-0.024405,-0.000009,-0.072204,0.022636,0.075669,0.026374
2433.000000,0.252656,0.132571,0.020340,0.037114,-0.017710,-0.000702,-0.023891,0.006305,0.024709,0.008619
2434.000000,0.247776,0.132860,0.026417,0.047225,-0.016946,-0.001503,0.025104,-0.006638,0.025967,0.009058
2435.000000,0.251363,0.146039,0.040569,0.084834,-0.032080,-0.001131,0.104103,-0.024789,0.107014,0.037263
2436.000000,0.225850,0.114494,-0.039790,-0.008603,0.003514,-0.001066,0.137563,-0.037413,0.142560,0.049567
2437.000000,0.198485,0.079947,-0.149088,-0.214269,0.088891,0.009443,-0.010598,-0.006083,0.012220,0.004263
2438.000000,0.237856,0.125918,-0.021626,-0.108384,0.040981,0.015326,-0.181913,0.048233,0.188199,0.065271
2439.000000,0.323347,0.233962,0.204381,0.215084,-0.095937,0.014215,-0.086339,0.035118,0.093208,0.032471
2440.000000,0.324972,0.232520,0.041860,0.149197,-0.062410,0.021490,0.112966,-0.029510,0.116757,0.040641
2441.000000,0.270317,0.147198,-0.122511,-0.099567,0.052095,0.018013,0.114333,-0.040321,0.121235,0.042192
2442.000000,0.276404,0.137575,-0.106090,-0.202067,0.088344,0.026241,-0.067050,0.012383,0.068184,0.023769
2443.000000,0.333804,0.184646,0.067658,-0.005766,-0.007544,0.019906,-0.163572,0.050384,0.171156,0.059421
2444.000000,0.382271,0.236895,0.137254,0.163169,-0.077424,0.016290,-0.055771,0.022377,0.060093,0.020952
2445.000000,0.386278,0.245429,0.049609,0.158442,-0.061917,0.019064,0.125601,-0.033298,0.129940,0.045205
2446.000000,0.345725,0.188126,-0.066406,0.016277,0.006055,0.013911,0.208979,-0.060370,0.217524,0.075292
2447.000000,0.318479,0.137735,-0.175182,-0.233906,0.104569,0.021748,0.058668,-0.024624,0.063626,0.022183
2448.000000,0.369314,0.177519,-0.065161,-0.198500,0.070848,0.032816,-0.181067,0.048174,0.187366,0.064986
2449.000000,0.459321,0.269389,0.204783,0.156197,-0.079275,0.021602,-0.166088,0.055691,0.175176,0.060803
2450.000000,0.489472,0.299064,0.103679,0.193378,-0.083384,0.024316,0.036243,-0.006577,0.036835,0.012848
2451.000000,0.432916,0.205470,-0.101866,-0.048390,0.031065,0.017240,0.092866,-0.033989,0.098891,0.034444
2452.000000,0.430665,0.188834,-0.039866,-0.073532,0.039145,0.011898,0.020768,-0.007267,0.022003,0.007676
2453.000000,0.444163,0.191596,0.009884,-0.024311,0.006134,0.005634,-0.029591,0.011094,0.031602,0.011023
2454.000000,0.440613,0.181963,-0.003257,-0.020352,0.002092,0.000396,-0.054418,0.014186,0.056237,0.019609
2455.000000,0.454672,0.210344,0.068425,0.090787,-0.036681,-0.003371,-0.002658,0.003106,0.004088,0.001426
2456.000000,0.456952,0.224205,0.040866,0.123331,-0.049177,-0.002304,0.122302,-0.029316,0.125766,0.043761
2457.000000,0.401965,0.149894,-0.133758,-0.120025,0.051399,-0.001231,0.098530,-0.033378,0.104030,0.036228
2458.000000,0.403887,0.156748,-0.077753,-0.159943,0.068419,0.006068,-0.064230,0.012390,0.065414,0.022805
2459.000000,0.435712,0.190124,0.050566,-0.020451,0.004170,0.002774,-0.151758,0.043546,0.157882,0.054853
2460.000000,0.455243,0.213234,0.091376,0.080676,-0.038654,-0.001656,-0.106713,0.032047,0.111421,0.038792
2461.000000,0.458723,0.225491,0.068703,0.112916,-0.046950,-0.001695,0.006651,-0.000067,0.006651,0.002320
2462.000000,0.433784,0.199139,-0.007773,0.044671,-0.014656,-0.003124,0.088955,-0.025065,0.092419,0.032197
2463.000000,0.413010,0.178059,-0.030538,-0.000690,0.003598,-0.005692,0.109239,-0.029608,0.113180,0.039402
2464.000000,0.399425,0.166833,-0.036481,-0.022481,0.008815,-0.007413,0.093938,-0.024738,0.097141,0.033837
2465.000000,0.383227,0.153419,-0.057273,-0.066658,0.025281,-0.007293,0.038787,-0.012259,0.040678,0.014188
2466.000000,0.368812,0.139594,-0.096712,-0.172096,0.069083,0.000264,-0.107510,0.021893,0.109716,0.038201
2467.000000,0.397482,0.175928,0.047978,-0.038153,0.014554,-0.000026,-0.212706,0.056997,0.220210,0.076206
2468.000000,0.468068,0.275989,0.212843,0.224517,-0.096223,0.002296,-0.078742,0.031563,0.084832,0.029560
2469.000000,0.462671,0.270708,0.030344,0.146842,-0.060356,0.010049,0.123449,-0.032281,0.127600,0.044396
2470.000000,0.403678,0.184191,-0.136620,-0.105507,0.052765,0.007332,0.120077,-0.041251,0.126965,0.044176
2471.000000,0.410214,0.186745,-0.051859,-0.108772,0.050434,0.007982,-0.001960,-0.001254,0.002327,0.000812
2472.000000,0.447338,0.225820,0.067901,0.058340,-0.029000,0.001446,-0.013025,0.010270,0.016587,0.005786
2473.000000,0.436632,0.209323,-0.004453,0.036300,-0.021574,-0.002067,0.038482,-0.009893,0.039733,0.013858
2474.000000,0.410626,0.182536,-0.040187,-0.024120,0.011693,-0.004852,0.039120,-0.014409,0.041689,0.014540
2475.000000,0.389744,0.157939,-0.062769,-0.110370,0.049137,-0.003083,-0.046267,0.007321,0.046843,0.016336
2476.000000,0.402619,0.174116,0.021373,-0.040009,0.016655,-0.003980,-0.124304,0.033718,0.128796,0.044810
2477.000000,0.442202,0.231492,0.129780,0.140895,-0.061248,-0.005078,-0.047861,0.019901,0.051834,0.018075
2478.000000,0.419831,0.204034,-0.001455,0.055372,-0.025409,-0.003752,0.054619,-0.015528,0.056783,0.019800
2479.000000,0.380084,0.154996,-0.085168,-0.098902,0.044924,-0.003301,0.013680,-0.010657,0.017341,0.006050
2480.000000,0.395356,0.180251,0.033309,0.002227,0.003343,-0.005456,-0.030619,0.010033,0.032221,0.011239
2481.000000,0.421176,0.218545,0.078333,0.122168,-0.053590,-0.005795,0.052699,-0.007122,0.053178,0.018544
2482.000000,0.388834,0.179331,-0.048369,0.012686,-0.008878,-0.005451,0.117934,-0.033170,0.122510,0.042634
2483.000000,0.357379,0.147762,-0.087535,-0.098728,0.044104,-0.004175,0.057405,-0.021177,0.061187,0.021333
2484.000000,0.358832,0.153963,-0.037192,-0.091248,0.040125,-0.001734,-0.049609,0.011282,0.050876,0.017742
2485.000000,0.365412,0.158593,-0.006368,-0.064871,0.023125,-0.002041,-0.135446,0.035775,0.140091,0.048715
2486.000000,0.383830,0.184213,0.075858,0.046088,-0.021540,-0.005252,-0.134456,0.037924,0.139702,0.048580
2487.000000,0.411202,0.231029,0.117948,0.160031,-0.066516,-0.002476,-0.005375,0.006527,0.008455,0.002950
2488.000000,0.377408,0.188095,-0.026730,0.030474,-0.010775,-0.001579,0.089160,-0.026248,0.092943,0.032379
2489.000000,0.365641,0.181660,-0.007124,0.031910,-0.008087,-0.004233,0.124799,-0.032875,0.129056,0.044900
2490.000000,0.339480,0.148948,-0.071100,-0.067802,0.027709,-0.004485,0.093969,-0.026901,0.097744,0.034046
2491.000000,0.327221,0.137418,-0.101303,-0.164408,0.066063,0.002242,-0.047778,0.007188,0.048316,0.016850
2492.000000,0.352589,0.169029,0.014671,-0.057576,0.021135,0.002581,-0.162360,0.043333,0.168043,0.058351
2493.000000,0.381862,0.205194,0.107254,0.085296,-0.038270,-0.001364,-0.131376,0.039258,0.137116,0.047687
2494.000000,0.417624,0.261827,0.126099,0.198666,-0.083257,0.004594,0.041625,-0.004826,0.041904,0.014615
2495.000000,0.395592,0.239105,-0.011443,0.113351,-0.041035,0.008235,0.209229,-0.056578,0.216744,0.075026
2496.000000,0.342746,0.163465,-0.153781,-0.130761,0.063008,0.007688,0.173048,-0.053962,0.181266,0.062894
2497.000000,0.355041,0.170855,-0.138276,-0.245745,0.102740,0.022770,-0.051870,0.007474,0.052406,0.018275
2498.000000,0.412650,0.217547,0.036574,-0.074927,0.017823,0.020677,-0.214711,0.061408,0.223320,0.077265
2499.000000,0.459135,0.261667,0.154833,0.117278,-0.059120,0.011400,-0.169260,0.051264,0.176853,0.061378
2500.000000,0.478982,0.286972,0.109275,0.164313,-0.068325,0.011660,-0.004270,0.003604,0.005588,0.001949
2501.000000,0.447952,0.241624,-0.021393,0.051200,-0.013329,0.007501,0.105942,-0.031357,0.110485,0.038467
2502.000000,0.424732,0.206068,-0.051219,-0.022975,0.015665,0.001799,0.113967,-0.031935,0.118357,0.041195
2503.000000,0.416474,0.193458,-0.042035,-0.040740,0.016362,-0.001890,0.075888,-0.019903,0.078455,0.027343
2504.000000,0.406587,0.183056,-0.048414,-0.063817,0.023054,-0.003770,0.014182,-0.005277,0.015132,0.005279
2505.000000,0.399731,0.178592,-0.033234,-0.071567,0.028162,-0.004439,-0.063439,0.014079,0.064982,0.022655
2506.000000,0.412960,0.201413,0.053598,0.030975,-0.011961,-0.007654,-0.075767,0.021824,0.078847,0.027479
2507.000000,0.416455,0.210994,0.053893,0.073532,-0.031467,-0.008715,-0.011973,0.005719,0.013269,0.004629
2508.000000,0.392086,0.183503,-0.016171,0.004175,-0.002282,-0.009318,0.024875,-0.008404,0.026256,0.009159
2509.000000,0.363276,0.149714,-0.071609,-0.114768,0.049278,-0.006479,-0.050467,0.007403,0.051007,0.017787
2510.000000,0.393298,0.196546,0.082955,0.056468,-0.020585,-0.008621,-0.065611,0.021488,0.069040,0.024067
2511.000000,0.413818,0.229712,0.079837,0.139029,-0.060947,-0.005779,0.054094,-0.008311,0.054729,0.019084
2512.000000,0.368444,0.171300,-0.076337,-0.031522,0.011738,-0.005216,0.097317,-0.030520,0.101991,0.035520
2513.000000,0.355529,0.165604,-0.033944,-0.040783,0.021787,-0.006084,0.055350,-0.017103,0.057932,0.020200
2514.000000,0.347756,0.157748,-0.032880,-0.058793,0.024515,-0.006028,-0.003079,0.000138,0.003082,0.001075
2515.000000,0.349065,0.162520,-0.004630,-0.028429,0.009200,-0.007007,-0.049435,0.013331,0.051201,0.017855
2516.000000,0.343949,0.159244,0.002662,-0.019935,0.006467,-0.008047,-0.076123,0.019053,0.078471,0.027349
2517.000000,0.338748,0.156856,0.016388,-0.007706,0.004077,-0.008920,-0.090734,0.022743,0.093541,0.032587
2518.000000,0.352637,0.183764,0.076438,0.084176,-0.032796,-0.009228,-0.037676,0.013069,0.039878,0.013909
2519.000000,0.365925,0.212387,0.069461,0.141453,-0.058780,-0.004603,0.096481,-0.020765,0.098690,0.034375
2520.000000,0.323297,0.159402,-0.068730,-0.014726,0.006638,-0.003670,0.152120,-0.043673,0.158265,0.054985
2521.000000,0.298353,0.133615,-0.098562,-0.128207,0.056787,-0.000131,0.058973,-0.021221,0.062675,0.021851
2522.000000,0.313450,0.154229,-0.019267,-0.067153,0.027595,0.001054,-0.045478,0.012471,0.047157,0.016446
2523.000000,0.319551,0.157606,-0.001016,-0.035251,0.009471,-0.001099,-0.100209,0.027051,0.103796,0.036147
2524.000000,0.329760,0.173408,0.052311,0.041156,-0.018729,-0.003865,-0.088790,0.024699,0.092161,0.032107
2525.000000,0.321235,0.163870,0.026089,0.028169,-0.011122,-0.005069,-0.050844,0.012814,0.052434,0.018284
2526.000000,0.311205,0.153798,0.014342,0.013572,-0.003498,-0.006136,-0.028745,0.006898,0.029561,0.010312
2527.000000,0.335639,0.197493,0.087996,0.135766,-0.053979,-0.004659,0.068991,-0.012654,0.070142,0.024451
2528.000000,0.309977,0.167025,-0.027131,0.041133,-0.018159,-0.002724,0.159586,-0.042311,0.165100,0.057338
2529.000000,0.278026,0.131974,-0.082836,-0.071253,0.031387,-0.002408,0.130648,-0.038727,0.136267,0.047393
2530.000000,0.267994,0.123735,-0.095253,-0.150249,0.063651,0.003868,-0.003367,-0.003928,0.005174,0.001805
2531.000000,0.285049,0.140464,-0.053886,-0.140321,0.052999,0.009827,-0.166632,0.042202,0.171893,0.059674
2532.000000,0.321760,0.179107,0.084100,0.024033,-0.016163,0.004961,-0.214879,0.060423,0.223213,0.077228
2533.000000,0.359838,0.229917,0.149012,0.160551,-0.069875,0.005450,-0.095163,0.030927,0.100062,0.034851
2534.000000,0.369057,0.248494,0.073625,0.162157,-0.064066,0.010909,0.087854,-0.021289,0.090397,0.031494
2535.000000,0.339297,0.209949,-0.032906,0.060643,-0.016131,0.009032,0.203118,-0.056095,0.210722,0.072973
2536.000000,0.307661,0.163500,-0.098048,-0.071845,0.035906,0.006056,0.182277,-0.051797,0.189494,0.065715
2537.000000,0.301100,0.151934,-0.120623,-0.175046,0.072343,0.011819,0.031167,-0.012934,0.033744,0.011770
2538.000000,0.328199,0.177799,-0.039991,-0.119896,0.042761,0.014207,-0.129827,0.033842,0.134165,0.046667
2539.000000,0.359147,0.206325,0.072635,0.022413,-0.015856,0.007166,-0.169665,0.048003,0.176325,0.061197
2540.000000,0.370487,0.215645,0.084284,0.077346,-0.034568,0.002961,-0.106910,0.030146,0.111079,0.038673
2541.000000,0.370243,0.216666,0.060401,0.087519,-0.034057,0.001249,-0.012185,0.004111,0.012860,0.004486
2542.000000,0.373032,0.226476,0.047388,0.114484,-0.043366,0.001117,0.105182,-0.025270,0.108175,0.037666
2543.000000,0.329385,0.163690,-0.094290,-0.070674,0.030742,0.000169,0.110507,-0.033890,0.115587,0.040236
2544.000000,0.325817,0.162849,-0.048680,-0.077900,0.034315,0.000296,0.025366,-0.008781,0.026843,0.009364
2545.000000,0.336710,0.176629,0.007423,-0.010633,0.002635,-0.002388,-0.017814,0.006490,0.018959,0.006614
2546.000000,0.328151,0.164218,-0.016861,-0.028878,0.008258,-0.004321,-0.042159,0.010133,0.043360,0.015122
2547.000000,0.329334,0.171559,0.025356,0.017921,-0.006761,-0.006377,-0.043483,0.011448,0.044965,0.015682
2548.000000,0.334944,0.185729,0.050144,0.072864,-0.028903,-0.006989,0.013878,-0.001260,0.013935,0.004861
2549.000000,0.318434,0.167977,-0.005172,0.028458,-0.012260,-0.006847,0.066825,-0.017644,0.069115,0.024093
2550.000000,0.294065,0.140902,-0.049426,-0.050191,0.021207,-0.006528,0.046252,-0.015187,0.048682,0.016977
2551.000000,0.280651,0.126838,-0.067330,-0.119248,0.049935,-0.002346,-0.057190,0.010738,0.058189,0.020289
2552.000000,0.298799,0.150688,0.022092,-0.028560,0.011183,-0.002636,-0.131609,0.035688,0.136362,0.047426
2553.000000,0.324276,0.185578,0.093691,0.094302,-0.041269,-0.003982,-0.081257,0.026071,0.085337,0.029736
2554.000000,0.325341,0.191836,0.052750,0.101295,-0.043263,-0.001642,0.030568,-0.006213,0.031193,0.010881
2555.000000,0.305203,0.172430,-0.002898,0.049138,-0.017114,-0.001584,0.110513,-0.030322,0.114597,0.039893
2556.000000,0.274188,0.133051,-0.071697,-0.071844,0.032878,-0.001473,0.084824,-0.026281,0.088802,0.030940
2557.000000,0.287357,0.155660,0.013535,0.015425,-0.005085,-0.003411,0.062002,-0.013750,0.063508,0.022142
2558.000000,0.271954,0.135063,-0.043978,-0.040396,0.012488,-0.003985,0.041988,-0.011956,0.043657,0.015226
2559.000000,0.256092,0.118034,-0.079255,-0.123599,0.049454,-0.000289,-0.059823,0.010387,0.060718,0.021170
2560.000000,0.271111,0.138118,0.005178,-0.054141,0.022879,0.000472,-0.153386,0.039627,0.158422,0.055039
2561.000000,0.297110,0.169903,0.089820,0.069307,-0.029918,-0.002076,-0.131672,0.038836,0.137280,0.047743
2562.000000,0.318051,0.201826,0.097903,0.140441,-0.060079,0.001056,-0.004994,0.005891,0.007723,0.002694
2563.000000,0.295874,0.176124,-0.000109,0.058968,-0.022322,0.002332,0.099588,-0.027794,0.103394,0.036007
2564.000000,0.267991,0.141611,-0.049988,-0.034564,0.019201,0.000710,0.103492,-0.030610,0.107924,0.037579
2565.000000,0.272435,0.151345,0.001528,0.013246,-0.003059,-0.001653,0.096394,-0.023490,0.099215,0.034557
2566.000000,0.258484,0.133277,-0.044250,-0.034311,0.010855,-0.002588,0.079460,-0.021337,0.082275,0.028671
2567.000000,0.237866,0.107381,-0.138417,-0.209390,0.083496,0.007475,-0.076918,0.011763,0.077812,0.027119
2568.000000,0.273465,0.146138,-0.016952,-0.125361,0.046863,0.014180,-0.257092,0.066615,0.265582,0.091570
2569.000000,0.380184,0.283976,0.276583,0.261854,-0.115298,0.015005,-0.137234,0.050588,0.146261,0.050845
2570.000000,0.426795,0.344033,0.098756,0.263505,-0.105688,0.034174,0.158897,-0.038751,0.163554,0.056806
2571.000000,0.350368,0.208733,-0.192877,-0.109890,0.064751,0.027837,0.205250,-0.068235,0.216295,0.074873
2572.000000,0.369811,0.201147,-0.127570,-0.212308,0.097753,0.034221,0.011262,-0.008607,0.014174,0.004945
2573.000000,0.428053,0.232272,0.028388,-0.063071,0.013095,0.026948,-0.128603,0.040479,0.134823,0.046894
2574.000000,0.499099,0.307062,0.165185,0.199124,-0.093751,0.019427,-0.023448,0.015896,0.028328,0.009882
2575.000000,0.470131,0.258077,-0.031473,0.074035,-0.027145,0.016153,0.118128,-0.036126,0.123529,0.042987
2576.000000,0.426343,0.184721,-0.144481,-0.163530,0.078947,0.014541,0.042234,-0.021585,0.047430,0.016541
2577.000000,0.453949,0.200258,-0.015459,-0.115111,0.047766,0.015262,-0.110312,0.030105,0.114346,0.039806
2578.000000,0.489464,0.227824,0.091734,0.035429,-0.024062,0.006292,-0.139271,0.042912,0.145732,0.050663
2579.000000,0.508649,0.252555,0.097132,0.124604,-0.056866,0.002775,-0.038785,0.013800,0.041167,0.014358
2580.000000,0.488363,0.231348,0.009154,0.073383,-0.027009,0.000561,0.068212,-0.019829,0.071036,0.024762
2581.000000,0.454482,0.188615,-0.055759,-0.034396,0.019667,-0.002978,0.078998,-0.024440,0.082692,0.028816
2582.000000,0.446380,0.181699,-0.026509,-0.039614,0.018076,-0.005441,0.036445,-0.009753,0.037727,0.013159
2583.000000,0.449580,0.191658,0.009998,0.015540,-0.008985,-0.008498,0.028662,-0.005260,0.029141,0.010165
2584.000000,0.434858,0.180512,-0.018815,-0.000952,-0.002673,-0.010252,0.035339,-0.009882,0.036695,0.012799
2585.000000,0.420069,0.173424,-0.016490,-0.008093,0.003803,-0.011422,0.029568,-0.009175,0.030959,0.010799
2586.000000,0.401079,0.157006,-0.036449,-0.054909,0.023435,-0.010970,-0.011151,0.000408,0.011158,0.003893
2587.000000,0.386496,0.142157,-0.057798,-0.126477,0.051903,-0.006271,-0.121715,0.027490,0.124781,0.043420
2588.000000,0.412342,0.180731,0.080138,0.022980,-0.008867,-0.008097,-0.164981,0.045975,0.171267,0.059459
2589.000000,0.450608,0.240932,0.142974,0.172547,-0.073498,-0.005023,-0.038122,0.017211,0.041827,0.014588
2590.000000,0.423918,0.209767,-0.006001,0.065954,-0.027459,-0.002234,0.086086,-0.024302,0.089450,0.031165
2591.000000,0.387191,0.166385,-0.068097,-0.055446,0.027980,-0.003702,0.079291,-0.025882,0.083408,0.029065
2592.000000,0.397322,0.187167,0.021213,0.030994,-0.009556,-0.006613,0.074565,-0.016722,0.076417,0.026634
2593.000000,0.389854,0.181432,-0.012652,0.029944,-0.016405,-0.008028,0.109280,-0.026493,0.112446,0.039147
2594.000000,0.353946,0.140884,-0.112139,-0.125365,0.049159,-0.005222,0.038860,-0.016548,0.042237,0.014731
2595.000000,0.362839,0.162449,-0.014929,-0.064262,0.028892,-0.003653,-0.062336,0.014807,0.064070,0.022337
2596.000000,0.363929,0.161178,-0.000257,-0.049873,0.018799,-0.004542,-0.125713,0.032776,0.129915,0.045197
2597.000000,0.367616,0.165509,0.034484,-0.009133,0.002041,-0.006549,-0.155133,0.040810,0.160411,0.055724
2598.000000,0.406719,0.229227,0.146188,0.165471,-0.067802,-0.004905,-0.047865,0.018984,0.051492,0.017956
2599.000000,0.393079,0.216303,0.021717,0.098580,-0.040498,-0.000673,0.094944,-0.024545,0.098065,0.034158
2600.000000,0.349783,0.160178,-0.085447,-0.065144,0.030963,-0.001555,0.096676,-0.031139,0.101567,0.035373
2601.000000,0.354922,0.172913,-0.002415,-0.007880,0.006967,-0.003863,0.061228,-0.015048,0.063050,0.021982
2602.000000,0.345691,0.160911,-0.030438,-0.030241,0.009134,-0.005440,0.037282,-0.009438,0.038458,0.013414
2603.000000,0.332989,0.149324,-0.044931,-0.064427,0.023976,-0.005436,-0.020034,0.002661,0.020210,0.007050
2604.000000,0.334053,0.156866,0.003386,-0.025111,0.011165,-0.006329,-0.066799,0.016634,0.068839,0.023997
2605.000000,0.339455,0.167721,0.039379,0.030074,-0.011924,-0.007892,-0.058256,0.016846,0.060643,0.021144
2606.000000,0.351548,0.191761,0.066914,0.102995,-0.043042,-0.006951,0.025045,-0.002793,0.025200,0.008791
2607.000000,0.311992,0.138901,-0.067433,-0.058371,0.023138,-0.005823,0.033382,-0.013478,0.036000,0.012557
2608.000000,0.302530,0.132900,-0.041398,-0.086645,0.039034,-0.003554,-0.051954,0.010000,0.052908,0.018450
2609.000000,0.331758,0.174673,0.077087,0.065403,-0.026080,-0.005610,-0.047997,0.017526,0.051097,0.017819
2610.000000,0.340274,0.189193,0.051439,0.103114,-0.046475,-0.003752,0.051718,-0.009675,0.052615,0.018348
2611.000000,0.303430,0.143447,-0.058476,-0.029789,0.011943,-0.003538,0.079417,-0.025256,0.083336,0.029040
2612.000000,0.284921,0.124810,-0.067183,-0.105325,0.047634,-0.000934,-0.005265,-0.003593,0.006374,0.002224
2613.000000,0.302717,0.148279,0.020911,-0.014408,0.006739,-0.002051,-0.063696,0.018896,0.066440,0.023162
2614.000000,0.319785,0.171110,0.058620,0.073030,-0.033848,-0.003614,-0.021131,0.009849,0.023314,0.008133
2615.000000,0.312277,0.166534,0.020076,0.064215,-0.028584,-0.003086,0.055944,-0.014148,0.057705,0.020121
2616.000000,0.274922,0.118755,-0.079927,-0.089296,0.038937,-0.001835,0.025487,-0.012892,0.028562,0.009963
2617.000000,0.281102,0.130958,-0.007415,-0.046376,0.022868,-0.001476,-0.047057,0.011746,0.048501,0.016914
2618.000000,0.306409,0.165055,0.069274,0.076448,-0.033081,-0.003325,-0.016981,0.009823,0.019617,0.006844
2619.000000,0.289825,0.142455,-0.010860,0.015996,-0.010826,-0.003372,0.029189,-0.008209,0.030321,0.010577
2620.000000,0.262234,0.109026,-0.071369,-0.099324,0.042091,-0.001481,-0.030312,0.001922,0.030373,0.010595
2621.000000,0.272248,0.124472,0.005291,-0.042715,0.020778,-0.001095,-0.105037,0.027093,0.108475,0.037770
2622.000000,0.326811,0.201963,0.144631,0.175998,-0.073870,0.000413,-0.006129,0.010994,0.012587,0.004391
2623.000000,0.317355,0.192363,0.015272,0.112336,-0.048640,0.006417,0.150610,-0.038626,0.155484,0.054026
2624.000000,0.266145,0.124096,-0.120946,-0.106650,0.049983,0.006636,0.130400,-0.042920,0.137282,0.047744
2625.000000,0.270041,0.128372,-0.071832,-0.133526,0.060279,0.011307,-0.008841,-0.001097,0.008909,0.003108
2626.000000,0.295713,0.150145,0.003624,-0.047461,0.014359,0.009025,-0.102287,0.029876,0.106561,0.037106
2627.000000,0.303651,0.151677,0.018640,-0.009794,-0.003279,0.004517,-0.130531,0.035281,0.135215,0.047030
2628.000000,0.324086,0.183081,0.092474,0.101565,-0.042139,0.002017,-0.066469,0.020304,0.069501,0.024228
2629.000000,0.333213,0.202509,0.069896,0.133787,-0.052715,0.004437,0.070444,-0.015721,0.072177,0.025159
2630.000000,0.289107,0.138783,-0.079398,-0.055030,0.025772,0.003623,0.095144,-0.030224,0.099829,0.034770
2631.000000,0.279894,0.126561,-0.066753,-0.112992,0.049898,0.005637,-0.006385,-0.002097,0.006721,0.002345
2632.000000,0.312369,0.166404,0.056213,0.039955,-0.017804,0.001898,-0.031724,0.013228,0.034371,0.011989
2633.000000,0.324132,0.182339,0.047500,0.095952,-0.044039,0.001234,0.051374,-0.009714,0.052284,0.018232
2634.000000,0.284568,0.128748,-0.079110,-0.065559,0.026770,0.000944,0.051604,-0.019477,0.055157,0.019233
2635.000000,0.274966,0.118264,-0.068096,-0.127922,0.056776,0.004926,-0.064685,0.011792,0.065751,0.022922
2636.000000,0.312627,0.163795,0.076545,0.044285,-0.018440,0.001548,-0.093936,0.030006,0.098612,0.034348
2637.000000,0.338574,0.197955,0.088674,0.136199,-0.061237,0.002840,0.018297,0.001155,0.018333,0.006396
2638.000000,0.303845,0.151765,-0.041642,0.003910,-0.001763,0.002561,0.083905,-0.026078,0.087864,0.030614
2639.000000,0.276197,0.115980,-0.091772,-0.131626,0.059684,0.005166,-0.002911,-0.006243,0.006888,0.002403
2640.000000,0.303569,0.148574,0.032955,-0.009029,0.005250,0.003154,-0.069836,0.021436,0.073052,0.025463
2641.000000,0.330639,0.181879,0.079091,0.104861,-0.048073,0.001355,-0.003317,0.006969,0.007718,0.002693
2642.000000,0.297643,0.134751,-0.051078,-0.030685,0.009597,0.000666,0.024556,-0.010588,0.026741,0.009328
2643.000000,0.294550,0.139242,0.005695,0.001093,0.004549,-0.001628,0.011090,-0.004252,0.011877,0.004144
2644.000000,0.296185,0.143604,0.020213,0.030067,-0.010828,-0.003395,0.031848,-0.006318,0.032469,0.011326
2645.000000,0.277464,0.118110,-0.040885,-0.043035,0.014971,-0.003638,0.016775,-0.005975,0.017807,0.006212
2646.000000,0.269282,0.112112,-0.033027,-0.062856,0.025668,-0.002915,-0.045481,0.009314,0.046425,0.016191
2647.000000,0.276518,0.124662,0.017533,-0.007539,0.003947,-0.003915,-0.079687,0.021348,0.082497,0.028749
2648.000000,0.308914,0.175533,0.103101,0.138237,-0.057324,-0.002606,0.010019,0.003611,0.010650,0.003715
2649.000000,0.283272,0.142870,-0.018177,0.033339,-0.015362,-0.000632,0.096424,-0.026618,0.100031,0.034840
2650.000000,0.253503,0.108055,-0.070718,-0.080205,0.036247,0.000029,0.057763,-0.020365,0.061248,0.021354
2651.000000,0.256054,0.114093,-0.026371,-0.063858,0.028824,0.000902,-0.022350,0.004901,0.022881,0.007982
2652.000000,0.260056,0.115670,-0.016142,-0.050308,0.017628,0.000357,-0.085728,0.022801,0.088708,0.030908
2653.000000,0.276203,0.138618,0.050239,0.042701,-0.019901,-0.001889,-0.080177,0.023498,0.083549,0.029114
2654.000000,0.279700,0.147355,0.049181,0.073030,-0.030845,-0.001885,-0.011193,0.004601,0.012102,0.004222
2655.000000,0.273588,0.146665,0.028461,0.069813,-0.026952,-0.001289,0.069624,-0.017552,0.071802,0.025029
2656.000000,0.246956,0.113872,-0.040290,-0.025654,0.012411,-0.001543,0.084620,-0.024719,0.088157,0.030716
2657.000000,0.235407,0.102380,-0.044519,-0.065290,0.028368,-0.000873,0.028745,-0.009686,0.030333,0.010581
2658.000000,0.242519,0.114322,-0.001529,-0.017602,0.006580,-0.001747,-0.013305,0.004472,0.014036,0.004897
2659.000000,0.237383,0.107419,-0.017101,-0.029199,0.009231,-0.002407,-0.041127,0.010179,0.042368,0.014777
2660.000000,0.245542,0.123930,0.034531,0.037137,-0.015060,-0.003638,-0.029592,0.009063,0.030949,0.010796
2661.000000,0.232448,0.107325,-0.007488,-0.005381,0.001810,-0.003776,-0.016075,0.003165,0.016384,0.005716
2662.000000,0.215154,0.084124,-0.051080,-0.085173,0.035338,-0.001804,-0.076006,0.016027,0.077677,0.027072
2663.000000,0.246593,0.131249,0.082877,0.075136,-0.028880,-0.003117,-0.064722,0.021319,0.068143,0.023755
2664.000000,0.286910,0.195734,0.116019,0.200672,-0.083930,0.005308,0.104866,-0.019853,0.106729,0.037164
2665.000000,0.237836,0.130395,-0.073397,-0.003866,0.004157,0.007396,0.194771,-0.056243,0.202729,0.070244
2666.000000,0.209746,0.092652,-0.160793,-0.226867,0.101250,0.017921,0.039920,-0.021063,0.045136,0.015741
2667.000000,0.257747,0.139736,-0.023708,-0.114645,0.042964,0.023258,-0.141408,0.039380,0.146789,0.051027
2668.000000,0.316824,0.200939,0.129006,0.118267,-0.059506,0.016006,-0.113944,0.039207,0.120501,0.041938
2669.000000,0.312967,0.187572,0.036552,0.082375,-0.038722,0.014325,-0.003493,0.000817,0.003587,0.001252
2670.000000,0.288845,0.154376,-0.016022,0.006825,0.003286,0.009795,0.039131,-0.014364,0.041684,0.014538
2671.000000,0.286512,0.149763,0.009497,0.017536,-0.001207,0.005353,0.053931,-0.013598,0.055619,0.019394
2672.000000,0.266445,0.114377,-0.068451,-0.094488,0.036824,0.004899,-0.001590,-0.002123,0.002652,0.000925
2673.000000,0.272058,0.120349,-0.029129,-0.079405,0.030165,0.005142,-0.098588,0.024342,0.101549,0.035367
2674.000000,0.319872,0.187620,0.126342,0.138279,-0.057879,0.002894,-0.041981,0.018056,0.045699,0.015938
2675.000000,0.331821,0.209149,0.060091,0.156521,-0.065292,0.008883,0.126931,-0.029940,0.130414,0.045369
2676.000000,0.278544,0.134770,-0.106097,-0.065499,0.032416,0.007920,0.154853,-0.048101,0.162152,0.056323
2677.000000,0.268626,0.118458,-0.125116,-0.202001,0.089014,0.017105,-0.011282,-0.004409,0.012113,0.004226
2678.000000,0.314326,0.161457,0.020809,-0.053306,0.016252,0.015925,-0.140069,0.041080,0.145969,0.050744
2679.000000,0.358931,0.210181,0.119069,0.126035,-0.060701,0.010702,-0.079319,0.028326,0.084225,0.029349
2680.000000,0.339293,0.178372,0.002659,0.042056,-0.019304,0.008576,0.007452,-0.004376,0.008642,0.003015
2681.000000,0.309859,0.135157,-0.057409,-0.078736,0.037796,0.006372,-0.026041,0.000867,0.026055,0.009089
2682.000000,0.334317,0.166168,0.063423,0.046241,-0.015025,0.002055,-0.031339,0.012191,0.033627,0.011729
2683.000000,0.352855,0.190051,0.064081,0.115149,-0.050845,0.001919,0.067519,-0.012148,0.068603,0.023915
2684.000000,0.313814,0.136889,-0.072942,-0.040503,0.014935,0.001186,0.093491,-0.029221,0.097951,0.034118
2685.000000,0.307929,0.138324,-0.020862,-0.024897,0.015002,-0.000726,0.057950,-0.017100,0.060420,0.021066
2686.000000,0.307456,0.139711,-0.005864,-0.004460,0.002505,-0.002701,0.043436,-0.010188,0.044615,0.015560
2687.000000,0.284626,0.107235,-0.096642,-0.139754,0.053772,0.001003,-0.052625,0.008857,0.053365,0.018609
2688.000000,0.300071,0.128729,-0.010866,-0.081787,0.032196,0.003204,-0.172120,0.043658,0.177571,0.061625
2689.000000,0.360158,0.212260,0.172056,0.171695,-0.072244,0.002272,-0.093903,0.033529,0.099709,0.034729
2690.000000,0.362572,0.216488,0.051929,0.134500,-0.057419,0.008224,0.075871,-0.017896,0.077953,0.027168
2691.000000,0.312352,0.144595,-0.097981,-0.077190,0.037242,0.006710,0.085945,-0.030385,0.091158,0.031759
2692.000000,0.310885,0.140303,-0.048149,-0.099501,0.046608,0.007565,-0.016752,0.001654,0.016833,0.005872
2693.000000,0.345856,0.179800,0.067098,0.056467,-0.025694,0.002860,-0.024734,0.012677,0.027793,0.009695
2694.000000,0.355121,0.191995,0.041833,0.100057,-0.046599,0.002304,0.068722,-0.014567,0.070249,0.024488
2695.000000,0.323244,0.154211,-0.046841,-0.000071,0.001187,0.000831,0.114941,-0.034068,0.119884,0.041724
2696.000000,0.298886,0.125997,-0.077735,-0.099089,0.045879,0.001725,0.048110,-0.017765,0.051285,0.017884
2697.000000,0.298409,0.119210,-0.109901,-0.211804,0.085108,0.013436,-0.139256,0.031286,0.142727,0.049625
2698.000000,0.354611,0.180240,0.098260,0.020726,-0.015850,0.009291,-0.222598,0.064463,0.231744,0.080128
2699.000000,0.427475,0.277284,0.204149,0.245269,-0.108383,0.014410,-0.047349,0.023019,0.052648,0.018359
2700.000000,0.391299,0.222181,-0.028457,0.064197,-0.021938,0.016093,0.109039,-0.033828,0.114166,0.039743
2701.000000,0.361535,0.176699,-0.064189,-0.042551,0.028637,0.010024,0.109643,-0.033881,0.114758,0.039949
2702.000000,0.368595,0.179309,-0.006419,-0.003613,0.004681,0.004612,0.087219,-0.020696,0.089641,0.031232
2703.000000,0.352279,0.151539,-0.072445,-0.087379,0.030785,0.002770,0.026744,-0.009014,0.028222,0.009845
2704.000000,0.356001,0.160370,-0.019626,-0.049498,0.018623,0.000762,-0.046910,0.010850,0.048148,0.016791
2705.000000,0.358952,0.164856,0.015358,-0.008662,0.003401,-0.002320,-0.075626,0.019866,0.078192,0.027251
2706.000000,0.352131,0.154361,0.006555,-0.018642,0.006998,-0.004402,-0.092258,0.023418,0.095184,0.033157
2707.000000,0.376447,0.195205,0.097607,0.112690,-0.045351,-0.005308,-0.024966,0.011156,0.027345,0.009539
2708.000000,0.390800,0.225536,0.066370,0.160812,-0.066366,0.000574,0.135187,-0.031090,0.138716,0.048240
2709.000000,0.331268,0.143997,-0.131116,-0.095765,0.042463,0.001549,0.144967,-0.045869,0.152051,0.052843
2710.000000,0.331555,0.140589,-0.168359,-0.296547,0.124688,0.023334,-0.097136,0.015038,0.098293,0.034237
2711.000000,0.414890,0.220232,0.114408,0.003415,-0.011615,0.019682,-0.230884,0.069226,0.241039,0.083281
2712.000000,0.516119,0.341499,0.240069,0.291489,-0.132247,0.024341,-0.032563,0.022449,0.039551,0.013795
2713.000000,0.490475,0.296291,-0.030910,0.131135,-0.045277,0.028055,0.189195,-0.055755,0.197239,0.068367
2714.000000,0.436256,0.196978,-0.189298,-0.174701,0.090968,0.023781,0.131161,-0.047455,0.139482,0.048504
2715.000000,0.473042,0.212110,-0.058925,-0.159727,0.066932,0.026893,-0.056722,0.015299,0.058749,0.020484
2716.000000,0.521204,0.244214,0.080467,0.021616,-0.022125,0.014991,-0.115481,0.037892,0.121539,0.042298
2717.000000,0.541599,0.264402,0.086170,0.119491,-0.056649,0.008061,-0.024783,0.009857,0.026671,0.009304
2718.000000,0.517367,0.235207,-0.005456,0.059548,-0.020514,0.003340,0.070524,-0.021565,0.073747,0.025705
2719.000000,0.484587,0.192091,-0.059958,-0.047031,0.025709,-0.001151,0.066375,-0.021411,0.069743,0.024312
2720.000000,0.476048,0.181676,-0.035104,-0.068409,0.029472,-0.003145,-0.001400,-0.000493,0.001484,0.000518
2721.000000,0.473035,0.178943,-0.015960,-0.063117,0.022691,-0.004857,-0.075499,0.019293,0.077925,0.027159
2722.000000,0.476420,0.189027,0.033752,-0.002426,-0.000607,-0.008128,-0.106444,0.028260,0.110132,0.038345
2723.000000,0.493270,0.223683,0.094599,0.110416,-0.045049,-0.009482,-0.033249,0.012633,0.035568,0.012406
2724.000000,0.484496,0.223238,0.030173,0.098356,-0.040867,-0.007666,0.084088,-0.020436,0.086536,0.030152
2725.000000,0.438335,0.168127,-0.087787,-0.067398,0.029394,-0.007802,0.084339,-0.027550,0.088725,0.030913
2726.000000,0.436089,0.177228,-0.014159,-0.029855,0.015526,-0.008870,0.033155,-0.008983,0.034350,0.011982
2727.000000,0.423337,0.164565,-0.037476,-0.064491,0.024214,-0.008948,-0.024060,0.005216,0.024619,0.008588
2728.000000,0.424595,0.174978,0.010885,-0.014204,0.004478,-0.010324,-0.063528,0.016738,0.065696,0.022903
2729.000000,0.436705,0.202785,0.068387,0.084261,-0.034813,-0.011312,-0.013363,0.006716,0.014956,0.005217
2730.000000,0.416824,0.184365,-0.002363,0.034570,-0.015289,-0.010820,0.048971,-0.013291,0.050743,0.017695
2731.000000,0.391004,0.160221,-0.038009,-0.031063,0.014104,-0.010931,0.044153,-0.014329,0.046420,0.016189
2732.000000,0.370227,0.139382,-0.068985,-0.120102,0.050817,-0.006819,-0.051052,0.008729,0.051793,0.018061
2733.000000,0.388169,0.167736,0.037180,-0.012635,0.005616,-0.007409,-0.115246,0.031929,0.119587,0.041622
2734.000000,0.419362,0.216332,0.111966,0.133890,-0.057776,-0.007021,-0.030893,0.014436,0.034099,0.011894
2735.000000,0.421520,0.230628,0.045094,0.142765,-0.060194,-0.001193,0.127009,-0.030864,0.130705,0.045470
2736.000000,0.358150,0.144283,-0.157264,-0.152014,0.067732,0.001819,0.090593,-0.034283,0.096863,0.033740
2737.000000,0.371918,0.160817,-0.072226,-0.172228,0.074675,0.011593,-0.094968,0.021104,0.097285,0.033887
2738.000000,0.429448,0.222104,0.120715,0.070763,-0.035430,0.005215,-0.126664,0.041886,0.133410,0.046405
2739.000000,0.470050,0.275020,0.119006,0.194880,-0.087574,0.008532,0.037098,-0.002809,0.037204,0.012977
2740.000000,0.433160,0.228109,-0.043867,0.066305,-0.022334,0.008302,0.171513,-0.049795,0.178595,0.061977
2741.000000,0.388436,0.163169,-0.149890,-0.164845,0.078574,0.009609,0.090887,-0.033488,0.096860,0.033739
2742.000000,0.415304,0.186931,-0.027500,-0.102744,0.042774,0.011226,-0.054339,0.015411,0.056482,0.019695
2743.000000,0.431018,0.192472,0.012779,-0.046783,0.009930,0.005857,-0.132966,0.037221,0.138077,0.048019
2744.000000,0.441085,0.203295,0.061704,0.031013,-0.017107,-0.000192,-0.133521,0.036056,0.138304,0.048097
2745.000000,0.450348,0.221900,0.087198,0.098982,-0.039136,-0.002790,-0.052490,0.015804,0.054818,0.019115
2746.000000,0.440819,0.214552,0.033273,0.078712,-0.030179,-0.003550,0.046250,-0.011253,0.047599,0.016600
2747.000000,0.425722,0.201740,-0.001668,0.054558,-0.020537,-0.005157,0.119462,-0.030813,0.123372,0.042932
2748.000000,0.409093,0.189153,-0.025620,0.033707,-0.013297,-0.006909,0.167643,-0.043477,0.173189,0.060120
2749.000000,0.370384,0.144823,-0.132303,-0.145506,0.059831,-0.003270,0.085372,-0.028823,0.090106,0.031393
2750.000000,0.379036,0.159548,-0.116316,-0.233169,0.094071,0.012691,-0.137451,0.029515,0.140584,0.048885
2751.000000,0.441740,0.227792,0.127160,0.036205,-0.021456,0.007304,-0.220319,0.064672,0.229615,0.079405
2752.000000,0.492326,0.290644,0.172371,0.194989,-0.087699,0.007907,-0.071780,0.026996,0.076689,0.026729
2753.000000,0.477130,0.270564,0.019585,0.116815,-0.045249,0.009523,0.096749,-0.027276,0.100520,0.035010
2754.000000,0.437240,0.214606,-0.070027,-0.015437,0.015677,0.003828,0.140140,-0.041812,0.146245,0.050839
2755.000000,0.422606,0.192110,-0.065190,-0.072106,0.033786,0.000803,0.084336,-0.023867,0.087648,0.030539
2756.000000,0.420399,0.187237,-0.049553,-0.084910,0.031697,-0.000418,-0.006070,0.000922,0.006140,0.002142
2757.000000,0.416733,0.181583,-0.043416,-0.107993,0.039887,-0.000015,-0.117766,0.027980,0.121044,0.042126
2758.000000,0.437765,0.211445,0.077494,0.026527,-0.011184,-0.004508,-0.149896,0.041253,0.155469,0.054021
2759.000000,0.465010,0.254315,0.123672,0.146171,-0.060936,-0.004485,-0.039212,0.015808,0.042279,0.014746
2760.000000,0.442762,0.227875,0.002669,0.065608,-0.026997,-0.003702,0.072554,-0.019914,0.075237,0.026224
2761.000000,0.414058,0.196610,-0.040297,-0.006992,0.006518,-0.006227,0.098295,-0.028510,0.102346,0.035644
2762.000000,0.414415,0.207118,0.007052,0.047709,-0.017502,-0.008829,0.127384,-0.030998,0.131101,0.045607
2763.000000,0.382296,0.169227,-0.087202,-0.069539,0.025317,-0.008719,0.102889,-0.029630,0.107070,0.037283
2764.000000,0.366459,0.158442,-0.113948,-0.182149,0.074358,-0.000133,-0.051456,0.006487,0.051863,0.018086
2765.000000,0.390964,0.187645,0.002321,-0.099610,0.038827,0.003500,-0.202334,0.052515,0.209038,0.072398
2766.000000,0.419169,0.216689,0.110803,0.041482,-0.021005,-0.001893,-0.220344,0.061711,0.228822,0.079136
2767.000000,0.462496,0.280258,0.171707,0.190649,-0.081404,0.000858,-0.072562,0.025948,0.077062,0.026858
2768.000000,0.477945,0.311394,0.069268,0.203041,-0.079760,0.010185,0.151293,-0.037370,0.155840,0.054149
2769.000000,0.430157,0.246165,-0.092841,0.042347,-0.006507,0.007401,0.273122,-0.076484,0.283629,0.097630
2770.000000,0.393030,0.189735,-0.203263,-0.219852,0.100211,0.012920,0.144018,-0.047461,0.151637,0.052700
2771.000000,0.437672,0.228384,-0.099791,-0.228813,0.087758,0.027287,-0.110021,0.026859,0.113252,0.039426
2772.000000,0.509242,0.291232,0.139265,0.060778,-0.038918,0.014964,-0.174003,0.054448,0.182323,0.063256
2773.000000,0.534885,0.313094,0.114765,0.145497,-0.066793,0.009632,-0.047533,0.016149,0.050201,0.017507
2774.000000,0.498204,0.257680,-0.027114,0.017476,-0.002010,0.003584,0.031600,-0.013603,0.034404,0.012000
2775.000000,0.477723,0.227492,-0.027267,-0.036525,0.022105,-0.002113,0.015071,-0.006497,0.016412,0.005725
2776.000000,0.469595,0.212586,-0.015080,-0.055587,0.022627,-0.005279,-0.039248,0.010205,0.040553,0.014144
2777.000000,0.482371,0.233888,0.055301,0.046318,-0.021693,-0.009519,-0.033824,0.012148,0.035939,0.012536
2778.000000,0.463264,0.214213,-0.003912,0.009353,-0.006357,-0.011575,-0.006112,0.000403,0.006125,0.002137
2779.000000,0.454722,0.217190,0.020516,0.040970,-0.014686,-0.013403,0.025870,-0.006704,0.026725,0.009322
2780.000000,0.459325,0.238696,0.041226,0.109172,-0.044245,-0.012563,0.118568,-0.027190,0.121646,0.042335
2781.000000,0.411764,0.181939,-0.101925,-0.064195,0.024250,-0.011521,0.126217,-0.037283,0.131608,0.045782
2782.000000,0.392156,0.168494,-0.126410,-0.202444,0.085282,-0.000656,-0.039208,0.002157,0.039267,0.013696
2783.000000,0.428440,0.213404,0.044629,-0.043887,0.016664,-0.000167,-0.162246,0.045071,0.168390,0.058470
2784.000000,0.471869,0.270022,0.146999,0.145906,-0.065455,-0.002970,-0.084142,0.029844,0.089278,0.031105
2785.000000,0.448368,0.237721,0.004822,0.053953,-0.024416,-0.003012,0.019704,-0.007130,0.020954,0.007310
2786.000000,0.415730,0.198517,-0.043752,-0.042815,0.022841,-0.005563,0.015865,-0.009132,0.018306,0.006386
2787.000000,0.410282,0.194285,-0.001888,-0.033142,0.017502,-0.007449,-0.026314,0.006533,0.027113,0.009458
2788.000000,0.431022,0.226739,0.069741,0.087730,-0.037814,-0.009574,0.017437,0.000886,0.017459,0.006091
2789.000000,0.409777,0.203294,-0.019287,0.030072,-0.016724,-0.009604,0.078437,-0.020944,0.081185,0.028292
2790.000000,0.375831,0.168049,-0.076785,-0.081271,0.034833,-0.008771,0.037768,-0.015491,0.040821,0.014238
2791.000000,0.381406,0.185547,0.010847,-0.009875,0.007553,-0.009708,-0.006457,0.002288,0.006850,0.002390
2792.000000,0.381945,0.190268,0.018467,0.025893,-0.012737,-0.011051,0.006427,0.000662,0.006461,0.002254
2793.000000,0.355198,0.158218,-0.055121,-0.071219,0.026259,-0.010073,-0.029581,0.003985,0.029848,0.010412
2794.000000,0.363736,0.181653,0.040497,0.022619,-0.006498,-0.011208,-0.047378,0.013099,0.049155,0.017142
2795.000000,0.366017,0.191340,0.043555,0.062864,-0.025957,-0.011172,0.005390,0.001117,0.005505,0.001920
2796.000000,0.331750,0.146835,-0.064876,-0.075420,0.029416,-0.009500,-0.016374,-0.000184,0.016375,0.005713
2797.000000,0.337340,0.164443,0.023418,-0.004421,0.004930,-0.009887,-0.054335,0.014199,0.056160,0.019582
2798.000000,0.349672,0.187027,0.061525,0.075755,-0.031299,-0.010072,-0.005389,0.005188,0.007480,0.002610
2799.000000,0.325318,0.157020,-0.026339,-0.007675,0.000614,-0.009369,0.024510,-0.008084,0.025809,0.009003
2800.000000,0.322094,0.165108,0.017027,0.032458,-0.011237,-0.009955,0.042939,-0.010932,0.044309,0.015453
2801.000000,0.311010,0.157805,-0.003012,0.020659,-0.008369,-0.009812,0.072020,-0.018278,0.074303,0.025899
2802.000000,0.283424,0.125598,-0.075420,-0.091947,0.036690,-0.007301,0.019703,-0.009224,0.021755,0.007589
2803.000000,0.284499,0.133745,-0.028769,-0.076082,0.032152,-0.004676,-0.074063,0.017374,0.076074,0.026515
2804.000000,0.314584,0.177952,0.084538,0.080846,-0.033623,-0.006190,-0.054794,0.019339,0.058107,0.020261
2805.000000,0.324712,0.197095,0.059992,0.121561,-0.053029,-0.002710,0.064448,-0.013120,0.065770,0.022929
2806.000000,0.276429,0.131797,-0.095792,-0.083401,0.035354,-0.001329,0.064504,-0.023888,0.068785,0.023979
2807.000000,0.271106,0.128100,-0.064612,-0.128692,0.057601,0.003655,-0.060554,0.011265,0.061593,0.021475
2808.000000,0.295579,0.152716,0.028276,-0.029132,0.010000,0.002314,-0.139573,0.039350,0.145014,0.050415
2809.000000,0.336778,0.206909,0.124785,0.141148,-0.063133,0.001502,-0.057765,0.022385,0.061951,0.021599
2810.000000,0.324365,0.192028,0.021434,0.084522,-0.036290,0.003729,0.064383,-0.017398,0.066692,0.023250
2811.000000,0.294680,0.156473,-0.037455,-0.006253,0.008210,0.001541,0.099182,-0.029898,0.103590,0.036076
2812.000000,0.284162,0.144354,-0.028838,-0.029748,0.016407,-0.000394,0.076180,-0.020815,0.078973,0.027523
2813.000000,0.282185,0.141969,-0.020653,-0.023548,0.008154,-0.002037,0.046569,-0.011355,0.047933,0.016716
2814.000000,0.277108,0.138360,-0.021092,-0.021860,0.006118,-0.003366,0.021001,-0.005840,0.021798,0.007604
2815.000000,0.260702,0.118674,-0.060274,-0.092918,0.036960,-0.001754,-0.051658,0.009390,0.052504,0.018309
2816.000000,0.265317,0.125213,-0.016319,-0.072608,0.030465,-0.000300,-0.143496,0.035690,0.147868,0.051400
2817.000000,0.287403,0.152105,0.071074,0.038506,-0.016366,-0.002696,-0.151156,0.042708,0.157074,0.054574
2818.000000,0.318084,0.197701,0.118688,0.151323,-0.064399,0.000172,-0.031322,0.014104,0.034351,0.011982
2819.000000,0.326177,0.219919,0.060930,0.163259,-0.065330,0.007587,0.148070,-0.036464,0.152494,0.052995
2820.000000,0.277639,0.155724,-0.084303,-0.020466,0.015715,0.006463,0.209406,-0.060497,0.217970,0.075443
2821.000000,0.255687,0.124007,-0.151302,-0.209614,0.092968,0.015151,0.058504,-0.023558,0.063069,0.021989
2822.000000,0.298372,0.165862,-0.022162,-0.101180,0.036400,0.018058,-0.106097,0.030163,0.110301,0.038403
2823.000000,0.334249,0.198397,0.075037,0.051912,-0.030791,0.010407,-0.117405,0.036196,0.122858,0.042754
2824.000000,0.353005,0.222301,0.086214,0.129250,-0.056415,0.008796,-0.006234,0.004638,0.007770,0.002711
2825.000000,0.314788,0.165422,-0.049208,-0.025482,0.014343,0.006100,0.036390,-0.015048,0.039379,0.013735
2826.000000,0.297449,0.135054,-0.077614,-0.139221,0.061798,0.008468,-0.068845,0.012584,0.069986,0.024396
2827.000000,0.346078,0.192035,0.105359,0.073613,-0.031254,0.003716,-0.083544,0.029065,0.088455,0.030820
2828.000000,0.392049,0.254808,0.117165,0.208260,-0.090745,0.009688,0.090211,-0.015638,0.091556,0.031897
2829.000000,0.335714,0.174070,-0.103030,-0.023885,0.013496,0.009116,0.170156,-0.052245,0.177996,0.061771
2830.000000,0.314428,0.143742,-0.124376,-0.171745,0.080123,0.013450,0.043277,-0.019610,0.047513,0.016570
2831.000000,0.347443,0.171953,-0.006124,-0.078781,0.030451,0.013372,-0.088915,0.025932,0.092619,0.032266
2832.000000,0.372589,0.191467,0.055243,0.029749,-0.020910,0.006513,-0.104973,0.032059,0.109759,0.038215
2833.000000,0.368638,0.182493,0.030293,0.032926,-0.017473,0.002233,-0.068847,0.017658,0.071075,0.024776
2834.000000,0.364730,0.182095,0.039985,0.052896,-0.018430,-0.000864,-0.017984,0.004433,0.018522,0.006462
2835.000000,0.372647,0.199840,0.056484,0.106268,-0.040442,-0.001470,0.077977,-0.017149,0.079840,0.027825
2836.000000,0.343664,0.161919,-0.043937,0.001406,-0.000858,-0.002337,0.128122,-0.035016,0.132821,0.046202
2837.000000,0.315644,0.129075,-0.103281,-0.132766,0.055874,0.000667,0.039389,-0.016305,0.042630,0.014868
2838.000000,0.329057,0.148681,-0.023487,-0.081177,0.033717,0.002515,-0.076539,0.019352,0.078948,0.027514
2839.000000,0.352545,0.176916,0.058977,0.039522,-0.019393,-0.001302,-0.087398,0.026882,0.091439,0.031856
2840.000000,0.335463,0.149383,-0.012870,-0.026400,0.006941,-0.003064,-0.086904,0.020729,0.089342,0.031128
2841.000000,0.353877,0.184621,0.086589,0.095085,-0.035963,-0.004771,-0.035061,0.011940,0.037038,0.012919
2842.000000,0.381097,0.233991,0.091842,0.186721,-0.075045,0.001845,0.134281,-0.029241,0.137428,0.047794
2843.000000,0.323524,0.153498,-0.116385,-0.057344,0.025864,0.002505,0.181907,-0.053881,0.189719,0.065792
2844.000000,0.308708,0.136936,-0.136458,-0.203648,0.089079,0.011923,0.018363,-0.012907,0.022445,0.007830
2845.000000,0.346096,0.172296,-0.018069,-0.113191,0.041694,0.015653,-0.151270,0.041182,0.156776,0.054471
2846.000000,0.392900,0.220540,0.119920,0.088657,-0.045222,0.008184,-0.143282,0.044774,0.150115,0.052175
2847.000000,0.405578,0.234606,0.082948,0.125740,-0.055745,0.007584,-0.017417,0.007062,0.018794,0.006556
2848.000000,0.381292,0.203489,-0.004030,0.048677,-0.015105,0.004887,0.073413,-0.022166,0.076686,0.026728
2849.000000,0.357625,0.170619,-0.041036,-0.028886,0.017583,0.001271,0.076371,-0.022619,0.079650,0.027759
2850.000000,0.344731,0.150304,-0.059414,-0.094415,0.039173,0.001220,-0.000529,-0.002105,0.002170,0.000757
2851.000000,0.364849,0.177804,0.035822,0.019340,-0.010047,-0.002220,-0.031159,0.011235,0.033123,0.011554
2852.000000,0.356680,0.167068,0.001319,0.008214,-0.006874,-0.004509,-0.016663,0.004305,0.017210,0.006004
2853.000000,0.356310,0.175797,0.030400,0.053077,-0.020706,-0.006166,0.022930,-0.005247,0.023523,0.008206
2854.000000,0.340431,0.160491,-0.006661,0.018546,-0.006747,-0.006856,0.060039,-0.016163,0.062177,0.021678
2855.000000,0.315939,0.131970,-0.058193,-0.071560,0.029763,-0.005975,0.020451,-0.008736,0.022239,0.007758
2856.000000,0.320270,0.144406,0.001965,-0.021524,0.009844,-0.006400,-0.027154,0.007348,0.028131,0.009813
2857.000000,0.308670,0.128685,-0.032676,-0.066478,0.025114,-0.005682,-0.081972,0.019484,0.084256,0.029360
2858.000000,0.319343,0.147949,0.040002,0.014283,-0.005466,-0.006977,-0.103230,0.027997,0.106959,0.037244
2859.000000,0.345097,0.191226,0.102271,0.133639,-0.055064,-0.005201,-0.006586,0.006987,0.009602,0.003350
2860.000000,0.316959,0.155617,-0.020214,0.023350,-0.010375,-0.003594,0.070981,-0.020446,0.073867,0.025747
2861.000000,0.290365,0.125375,-0.059048,-0.071009,0.032316,-0.003088,0.033957,-0.013337,0.036482,0.012725
2862.000000,0.319766,0.172896,0.070067,0.088921,-0.033997,-0.004811,0.061069,-0.010766,0.062011,0.021620
2863.000000,0.295739,0.140279,-0.041871,-0.005743,-0.001942,-0.004540,0.098440,-0.026399,0.101918,0.035495
2864.000000,0.267563,0.108649,-0.115492,-0.157744,0.064956,0.001132,-0.010347,-0.004869,0.011435,0.003989
2865.000000,0.293470,0.144971,0.017146,-0.038840,0.017624,0.001768,-0.109378,0.029591,0.113310,0.039447
2866.000000,0.313367,0.166852,0.065188,0.055183,-0.025898,-0.001206,-0.090099,0.027791,0.094288,0.032846
2867.000000,0.317843,0.174965,0.053226,0.084034,-0.037298,-0.001182,-0.007927,0.004193,0.008968,0.003129
2868.000000,0.307618,0.169137,0.022358,0.069141,-0.026476,-0.001004,0.077496,-0.020481,0.080157,0.027935
2869.000000,0.268500,0.115475,-0.093435,-0.108913,0.047798,0.000665,0.036071,-0.015672,0.039328,0.013717
2870.000000,0.272625,0.120092,-0.057091,-0.129875,0.054607,0.005964,-0.101454,0.023723,0.104191,0.036284
2871.000000,0.322749,0.182242,0.113749,0.092863,-0.041506,0.002237,-0.098750,0.033326,0.104222,0.036295
2872.000000,0.347040,0.216644,0.089043,0.160798,-0.070999,0.006653,0.052343,-0.008677,0.053057,0.018502
2873.000000,0.315232,0.178963,-0.029169,0.052225,-0.017279,0.006924,0.161606,-0.046046,0.168038,0.058349
2874.000000,0.279977,0.131811,-0.097079,-0.097921,0.048173,0.006252,0.119453,-0.037438,0.125182,0.043559
2875.000000,0.284644,0.134184,-0.063430,-0.115705,0.049089,0.008850,-0.003760,-0.000544,0.003799,0.001325
2876.000000,0.300994,0.147396,-0.015739,-0.065115,0.020625,0.007242,-0.100852,0.027661,0.104577,0.036418
2877.000000,0.316173,0.163489,0.043146,0.019741,-0.012758,0.002696,-0.117456,0.032518,0.121874,0.042414
2878.000000,0.333780,0.191074,0.087490,0.109892,-0.045369,0.001384,-0.034205,0.012129,0.036292,0.012659
2879.000000,0.301490,0.143600,-0.035620,-0.025174,0.011550,0.000452,-0.000325,-0.003658,0.003672,0.001281
2880.000000,0.289987,0.128136,-0.029544,-0.066053,0.030360,0.000094,-0.056447,0.011962,0.057701,0.020119
2881.000000,0.316007,0.163894,0.074671,0.066157,-0.026447,-0.002512,-0.042429,0.015779,0.045268,0.015788
2882.000000,0.337151,0.197705,0.075942,0.144484,-0.062349,0.000833,0.085372,-0.016991,0.087046,0.030330
2883.000000,0.307992,0.165613,-0.031665,0.049203,-0.018939,0.002145,0.185257,-0.050753,0.192083,0.066602
2884.000000,0.275073,0.128287,-0.083097,-0.066064,0.032679,0.001413,0.163317,-0.047520,0.170090,0.059054
2885.000000,0.267711,0.121495,-0.083666,-0.121667,0.052256,0.004832,0.050705,-0.016316,0.053265,0.018574
2886.000000,0.275266,0.124897,-0.124219,-0.229144,0.086813,0.017932,-0.158370,0.036516,0.162525,0.056452
2887.000000,0.321255,0.165081,0.013238,-0.113986,0.032451,0.020443,-0.339240,0.090524,0.351110,0.119992
2888.000000,0.404082,0.264402,0.268082,0.200878,-0.092272,0.015610,-0.254181,0.077362,0.265693,0.091607
2889.000000,0.542458,0.450109,0.245865,0.408827,-0.165069,0.045959,0.110157,-0.017602,0.111554,0.038838
2890.000000,0.475755,0.323288,-0.161912,0.078649,-0.001780,0.043296,0.348537,-0.104748,0.363937,0.124184
2891.000000,0.453668,0.239080,-0.252594,-0.214293,0.116344,0.038217,0.236522,-0.075067,0.248149,0.085687
2892.000000,0.521297,0.268158,-0.115320,-0.208056,0.080313,0.043061,-0.003067,0.001226,0.003303,0.001152
2893.000000,0.570666,0.282248,0.005661,-0.098932,0.020011,0.030496,-0.164221,0.046502,0.170678,0.059257
2894.000000,0.607555,0.309069,0.136135,0.086208,-0.043886,0.013859,-0.150881,0.043462,0.157016,0.054554
2895.000000,0.603286,0.296217,0.073023,0.084847,-0.033039,0.004864,-0.053608,0.013991,0.055404,0.019319
2896.000000,0.580465,0.263549,0.009891,0.028496,-0.007134,-0.002734,0.004793,-0.002567,0.005437,0.001897
2897.000000,0.563912,0.244687,0.001089,0.008896,-0.001899,-0.008629,0.023936,-0.006122,0.024706,0.008619
2898.000000,0.550026,0.235341,-0.002352,0.010189,-0.005353,-0.012741,0.034985,-0.008648,0.036038,0.012570
2899.000000,0.526731,0.217264,-0.030711,-0.026347,0.009428,-0.014975,0.022092,-0.007541,0.023344,0.008143
2900.000000,0.517099,0.221994,0.005036,0.009950,-0.003377,-0.017041,0.016718,-0.004282,0.017258,0.006020
2901.000000,0.511563,0.231704,0.020893,0.056638,-0.024168,-0.018026,0.059694,-0.013404,0.061180,0.021331
2902.000000,0.472493,0.192327,-0.072871,-0.064075,0.024119,-0.017055,0.042976,-0.015129,0.045561,0.015890
2903.000000,0.451934,0.180264,-0.073996,-0.145859,0.061940,-0.010471,-0.084698,0.016036,0.086203,0.030037
2904.000000,0.480656,0.226708,0.091231,0.032252,-0.011468,-0.012469,-0.130740,0.037930,0.136131,0.047346
2905.000000,0.503044,0.265185,0.108359,0.138395,-0.060621,-0.011170,-0.022740,0.011819,0.025628,0.008940
2906.000000,0.471169,0.230611,-0.019036,0.041032,-0.018214,-0.010192,0.069009,-0.020385,0.071957,0.025082
2907.000000,0.439829,0.201266,-0.046661,-0.031805,0.017220,-0.011560,0.066751,-0.021174,0.070029,0.024411
2908.000000,0.424801,0.189993,-0.036465,-0.059832,0.026761,-0.011406,0.011836,-0.004625,0.012708,0.004433
2909.000000,0.425022,0.197609,0.004134,-0.016510,0.005242,-0.012539,-0.026972,0.008145,0.028175,0.009828
2910.000000,0.443278,0.234730,0.070277,0.109208,-0.047329,-0.012692,0.039044,-0.005452,0.039423,0.013750
2911.000000,0.399316,0.180988,-0.076259,-0.050769,0.018701,-0.011604,0.055534,-0.019360,0.058812,0.020506
2912.000000,0.377315,0.157611,-0.129085,-0.231743,0.097968,0.002250,-0.123089,0.022264,0.125086,0.043526
2913.000000,0.440864,0.235716,0.146243,0.057721,-0.023944,-0.000807,-0.191326,0.057177,0.199687,0.069204
2914.000000,0.527640,0.353215,0.206777,0.290100,-0.126602,0.010371,0.030137,0.004868,0.030528,0.010649
2915.000000,0.475247,0.273855,-0.090313,0.058781,-0.018859,0.012980,0.203334,-0.060501,0.212144,0.073458
2916.000000,0.432966,0.205587,-0.183972,-0.203032,0.098040,0.014963,0.093468,-0.036584,0.100373,0.034959
2917.000000,0.479077,0.242632,0.006535,-0.070501,0.028381,0.013026,-0.047909,0.016576,0.050696,0.017679
2918.000000,0.512088,0.269919,0.075537,0.076517,-0.041564,0.003622,-0.028919,0.014176,0.032207,0.011234
2919.000000,0.476317,0.215814,-0.061691,-0.058888,0.019655,-0.001165,-0.032916,0.002787,0.033034,0.011523
2920.000000,0.466586,0.208415,-0.003309,-0.056620,0.029048,-0.004029,-0.098252,0.021895,0.100662,0.035059
2921.000000,0.491093,0.244401,0.106248,0.084671,-0.032041,-0.008403,-0.067593,0.023000,0.071399,0.024888
2922.000000,0.510270,0.276568,0.079418,0.156449,-0.068346,-0.005383,0.076747,-0.014153,0.078041,0.027199
2923.000000,0.459439,0.212812,-0.088723,-0.019449,0.007677,-0.006112,0.136251,-0.040987,0.142282,0.049471
2924.000000,0.429429,0.181430,-0.124057,-0.174988,0.077908,-0.000337,0.009756,-0.010940,0.014658,0.005114
2925.000000,0.458327,0.216194,0.026512,-0.048838,0.020138,-0.000740,-0.103960,0.029828,0.108154,0.037659
2926.000000,0.481395,0.243572,0.086508,0.074807,-0.036722,-0.005709,-0.076165,0.025244,0.080239,0.027964
2927.000000,0.475730,0.242168,0.040081,0.083454,-0.037392,-0.006741,0.014640,-0.003093,0.014963,0.005220
2928.000000,0.446685,0.212937,-0.021392,0.016223,-0.003617,-0.008669,0.064255,-0.019738,0.067218,0.023433
2929.000000,0.431724,0.203169,-0.013202,0.008151,0.000126,-0.010863,0.077400,-0.020504,0.080070,0.027905
2930.000000,0.406098,0.174322,-0.067752,-0.083926,0.033232,-0.010027,0.024788,-0.009219,0.026447,0.009226
2931.000000,0.404337,0.181223,-0.018509,-0.058742,0.023443,-0.009436,-0.053573,0.012820,0.055086,0.019208
2932.000000,0.407519,0.191601,0.027401,-0.001088,-0.000197,-0.011090,-0.081642,0.022018,0.084559,0.029465
2933.000000,0.408405,0.200257,0.046835,0.045913,-0.019219,-0.012274,-0.051379,0.014838,0.053479,0.018648
2934.000000,0.399755,0.197720,0.029382,0.049723,-0.020344,-0.012245,0.003300,-0.000279,0.003312,0.001155
2935.000000,0.383405,0.185777,0.002138,0.026008,-0.009882,-0.012257,0.043896,-0.011898,0.045480,0.015861
2936.000000,0.357664,0.158870,-0.045471,-0.052147,0.022016,-0.011417,0.020862,-0.008350,0.022471,0.007839
2937.000000,0.350528,0.157796,-0.019550,-0.050678,0.021964,-0.010380,-0.037427,0.008359,0.038349,0.013376
2938.000000,0.383884,0.213386,0.097481,0.125570,-0.052009,-0.010142,0.023795,0.000211,0.023796,0.008301
2939.000000,0.361747,0.188871,-0.017401,0.049944,-0.024227,-0.007587,0.115691,-0.030380,0.119613,0.041631
2940.000000,0.318900,0.138470,-0.121579,-0.140261,0.060000,-0.003578,0.044431,-0.019851,0.048664,0.016971
2941.000000,0.332214,0.160398,-0.020430,-0.086202,0.038671,-0.000151,-0.078370,0.019416,0.080739,0.028137
2942.000000,0.362607,0.197269,0.078799,0.061156,-0.028268,-0.003587,-0.077039,0.025791,0.081242,0.028312
2943.000000,0.341106,0.163336,-0.020967,-0.025798,0.005441,-0.004822,-0.066149,0.015057,0.067841,0.023650
2944.000000,0.338434,0.167686,0.028600,0.011296,-0.001493,-0.006770,-0.070574,0.017200,0.072640,0.025320
2945.000000,0.346972,0.185244,0.063986,0.074997,-0.028151,-0.007547,-0.014904,0.006745,0.016359,0.005707
2946.000000,0.347337,0.191890,0.037627,0.090847,-0.038369,-0.005900,0.081012,-0.018297,0.083053,0.028942
2947.000000,0.326272,0.172302,-0.019600,0.039777,-0.016556,-0.005405,0.150012,-0.039830,0.155210,0.053932
2948.000000,0.293160,0.135601,-0.086673,-0.081611,0.035319,-0.004328,0.113532,-0.034286,0.118596,0.041278
2949.000000,0.285113,0.130445,-0.095540,-0.157543,0.066014,0.002980,-0.030061,0.003043,0.030215,0.010540
2950.000000,0.310760,0.160030,0.004755,-0.060004,0.021218,0.003545,-0.143096,0.038977,0.148309,0.051552
2951.000000,0.339755,0.195020,0.094898,0.079702,-0.037300,-0.000200,-0.116977,0.035385,0.122212,0.042531
2952.000000,0.346064,0.206081,0.069104,0.106905,-0.045745,0.000630,-0.008076,0.004128,0.009070,0.003164
2953.000000,0.323671,0.179792,-0.003340,0.037900,-0.012291,-0.000270,0.066863,-0.019576,0.069670,0.024286
2954.000000,0.299087,0.147659,-0.047623,-0.049526,0.024104,-0.001505,0.051012,-0.016431,0.053593,0.018688
2955.000000,0.294803,0.142329,-0.030333,-0.060556,0.025544,-0.001683,-0.012672,0.002410,0.012899,0.004500
2956.000000,0.296097,0.142998,-0.012623,-0.046015,0.016426,-0.002457,-0.071664,0.018554,0.074027,0.025803
2957.000000,0.332742,0.199570,0.106991,0.133558,-0.055954,-0.002979,-0.002918,0.006806,0.007405,0.002583
2958.000000,0.316791,0.181722,0.003652,0.071472,-0.030711,-0.000550,0.106967,-0.028068,0.110588,0.038503
2959.000000,0.273731,0.124841,-0.112514,-0.124178,0.054600,0.001587,0.056348,-0.022513,0.060679,0.021156
2960.000000,0.292325,0.151754,0.006225,-0.031519,0.016408,0.001051,-0.022344,0.006931,0.023394,0.008161
2961.000000,0.306351,0.166893,0.035760,0.040307,-0.020151,-0.001805,-0.009759,0.006411,0.011676,0.004074
2962.000000,0.278366,0.125337,-0.071583,-0.091371,0.033122,-0.001245,-0.052603,0.008993,0.053366,0.018609
2963.000000,0.284145,0.137430,0.005520,-0.042698,0.020153,-0.001491,-0.123638,0.030504,0.127345,0.044308
2964.000000,0.321943,0.191501,0.121912,0.127192,-0.051125,-0.002390,-0.057638,0.021596,0.061551,0.021460
2965.000000,0.331339,0.207960,0.059730,0.138668,-0.059428,0.002992,0.094374,-0.020988,0.096680,0.033677
2966.000000,0.286034,0.147832,-0.077915,-0.036037,0.017614,0.002498,0.134144,-0.040850,0.140226,0.048761
2967.000000,0.269558,0.128647,-0.082771,-0.121170,0.055426,0.005056,0.035789,-0.014455,0.038598,0.013463
2968.000000,0.294124,0.157146,0.017110,-0.012119,0.004235,0.002773,-0.028425,0.010665,0.030360,0.010590
2969.000000,0.294297,0.152287,0.000141,-0.002783,-0.004593,-0.000192,-0.035842,0.010486,0.037344,0.013026
2970.000000,0.279645,0.132897,-0.029197,-0.050622,0.018966,-0.001308,-0.071197,0.015328,0.072828,0.025386
2971.000000,0.285840,0.144690,0.033313,0.008667,-0.000537,-0.003286,-0.088830,0.023310,0.091837,0.031995
2972.000000,0.309619,0.181045,0.091457,0.116504,-0.047217,-0.002965,-0.006327,0.006889,0.009354,0.003263
2973.000000,0.308737,0.185794,0.035849,0.110426,-0.046668,0.000692,0.121825,-0.029509,0.125348,0.043616
2974.000000,0.264748,0.128957,-0.087652,-0.062998,0.028318,0.000834,0.130388,-0.039905,0.136358,0.047425
2975.000000,0.253881,0.118318,-0.087501,-0.138835,0.061275,0.005738,0.007767,-0.007025,0.010473,0.003654
2976.000000,0.277360,0.143775,-0.001345,-0.051786,0.018988,0.005399,-0.091164,0.025861,0.094761,0.033010
2977.000000,0.292248,0.157453,0.038546,0.022084,-0.014634,0.001584,-0.100083,0.028897,0.104171,0.036277
2978.000000,0.292544,0.158232,0.038770,0.044303,-0.020099,-0.000544,-0.059953,0.016101,0.062077,0.021643
2979.000000,0.287085,0.155066,0.031637,0.047056,-0.017070,-0.001813,-0.007768,0.001965,0.008013,0.002795
2980.000000,0.288611,0.163309,0.039859,0.076110,-0.028729,-0.002162,0.065259,-0.015006,0.066962,0.023344
2981.000000,0.265524,0.134023,-0.031718,-0.005602,0.002179,-0.002546,0.096721,-0.026565,0.100303,0.034935
2982.000000,0.247940,0.115452,-0.054144,-0.066370,0.027942,-0.002040,0.049427,-0.015857,0.051908,0.018101
2983.000000,0.245076,0.114740,-0.040846,-0.076072,0.031405,-0.000592,-0.032484,0.006640,0.033156,0.011565
2984.000000,0.261472,0.137904,0.030537,0.016415,-0.007861,-0.002438,-0.056594,0.017177,0.059143,0.020622
2985.000000,0.265758,0.145262,0.035598,0.052026,-0.023716,-0.003233,-0.013928,0.005618,0.015018,0.005239
2986.000000,0.241625,0.113220,-0.036494,-0.040230,0.015910,-0.003076,-0.016997,0.001041,0.017029,0.005941
2987.000000,0.245608,0.124738,0.021905,0.010759,-0.001048,-0.004170,-0.028382,0.007649,0.029395,0.010254
2988.000000,0.256867,0.143744,0.050972,0.074032,-0.030231,-0.004210,0.026506,-0.003338,0.026715,0.009319
2989.000000,0.232834,0.111776,-0.035599,-0.020480,0.006085,-0.003640,0.046971,-0.014207,0.049073,0.017113
2990.000000,0.217635,0.096773,-0.048360,-0.074417,0.031914,-0.002128,-0.012651,-0.000394,0.012657,0.004416
2991.000000,0.232273,0.120098,0.028700,0.013478,-0.003793,-0.003190,-0.037998,0.011807,0.039790,0.013878
2992.000000,0.233211,0.121151,0.018562,0.028376,-0.013953,-0.003744,-0.012640,0.005051,0.013612,0.004749
2993.000000,0.222381,0.109804,-0.004600,0.002912,-0.002447,-0.003926,0.002451,-0.001531,0.002890,0.001008
2994.000000,0.218867,0.111724,0.012805,0.019063,-0.006107,-0.004376,0.016662,-0.004426,0.017240,0.006014
2995.000000,0.221010,0.121026,0.028018,0.052579,-0.020549,-0.004270,0.060983,-0.013988,0.062567,0.021814
2996.000000,0.197994,0.091863,-0.043524,-0.037430,0.014113,-0.003458,0.060101,-0.017834,0.062691,0.021857
2997.000000,0.182666,0.074928,-0.079865,-0.125589,0.051893,0.001257,-0.041793,0.005977,0.042218,0.014725
2998.000000,0.212258,0.115981,0.044527,0.018504,-0.007067,0.000051,-0.087361,0.025907,0.091121,0.031746
2999.000000,0.213804,0.113905,0.021424,0.025430,-0.014119,-0.000957,-0.061634,0.017692,0.064123,0.022356
3000.000000,0.202203,0.098679,-0.006306,-0.010504,0.003363,-0.001525,-0.056965,0.013098,0.058451,0.020381
3001.000000,0.225355,0.139694,0.086701,0.111611,-0.042492,-0.001276,0.013442,0.000369,0.013447,0.004691
3002.000000,0.232966,0.158900,0.053964,0.131318,-0.052911,0.003765,0.153307,-0.036571,0.157609,0.054758
3003.000000,0.189273,0.101604,-0.080923,-0.047643,0.021980,0.004274,0.181693,-0.052395,0.189097,0.065579
3004.000000,0.173479,0.081261,-0.171713,-0.263737,0.112203,0.020789,-0.017622,-0.005757,0.018539,0.006467
3005.000000,0.237592,0.147993,0.016629,-0.067675,0.020386,0.023233,-0.184230,0.052963,0.191692,0.066468
3006.000000,0.277796,0.183037,0.102255,0.085500,-0.046524,0.015885,-0.156817,0.047906,0.163971,0.056949
3007.000000,0.291114,0.197071,0.084833,0.121961,-0.053534,0.014932,-0.034709,0.011171,0.036462,0.012718
3008.000000,0.286589,0.195223,0.043396,0.108699,-0.038084,0.013876,0.094516,-0.025265,0.097835,0.034078
3009.000000,0.247116,0.132185,-0.083863,-0.074933,0.037229,0.011210,0.093980,-0.030094,0.098681,0.034371
3010.000000,0.256818,0.140555,-0.013563,-0.033329,0.016187,0.008051,0.036653,-0.008860,0.037709,0.013152
3011.000000,0.263888,0.144921,0.002679,0.004783,-0.005342,0.004184,0.024412,-0.004386,0.024803,0.008652
3012.000000,0.257936,0.137630,-0.011118,0.001876,-0.003292,0.001479,0.027903,-0.007806,0.028974,0.010107
3013.000000,0.249005,0.129463,-0.012416,-0.007555,0.004033,-0.000424,0.023686,-0.007578,0.024869,0.008675
3014.000000,0.230720,0.103454,-0.063445,-0.098435,0.040885,0.001186,-0.046080,0.008054,0.046779,0.016314
3015.000000,0.240371,0.114336,-0.009640,-0.061360,0.024858,0.001861,-0.132847,0.034219,0.137183,0.047710
3016.000000,0.260832,0.138161,0.061950,0.038079,-0.017661,-0.000663,-0.135497,0.038581,0.140883,0.048988
3017.000000,0.265353,0.143293,0.053953,0.061635,-0.027400,-0.001182,-0.076294,0.021682,0.079315,0.027642
3018.000000,0.295686,0.198065,0.112056,0.180539,-0.071989,0.004000,0.073632,-0.014041,0.074959,0.026127
3019.000000,0.286841,0.198454,0.017434,0.137832,-0.050639,0.010373,0.249160,-0.064714,0.257427,0.088821
3020.000000,0.232034,0.122335,-0.141541,-0.107652,0.052702,0.010207,0.239462,-0.070364,0.249586,0.086173
3021.000000,0.236101,0.125977,-0.147805,-0.226449,0.097545,0.023238,0.036864,-0.016516,0.040395,0.014089
3022.000000,0.283934,0.167300,-0.053431,-0.154499,0.052105,0.029097,-0.170414,0.046149,0.176552,0.061275
3023.000000,0.315677,0.180453,0.022740,-0.072692,0.012882,0.022305,-0.288802,0.078181,0.299197,0.102832
3024.000000,0.365100,0.233959,0.185767,0.130476,-0.060624,0.014633,-0.232785,0.067114,0.242267,0.083696
3025.000000,0.466163,0.375329,0.234077,0.338361,-0.137640,0.031642,0.054024,-0.003527,0.054139,0.018879
3026.000000,0.432591,0.314623,-0.069616,0.136088,-0.035916,0.035199,0.299259,-0.085674,0.311281,0.106853
3027.000000,0.385636,0.212951,-0.234332,-0.189599,0.100451,0.030279,0.231736,-0.073635,0.243154,0.083997
3028.000000,0.446078,0.241150,-0.173248,-0.323756,0.130191,0.052352,-0.071616,0.013268,0.072835,0.025388
3029.000000,0.552426,0.309529,0.135218,0.012322,-0.029377,0.036586,-0.211156,0.067062,0.221549,0.076662
3030.000000,0.623720,0.372516,0.191593,0.224919,-0.105631,0.027645,-0.053112,0.022245,0.057582,0.020078
3031.000000,0.586832,0.305243,-0.037214,0.067393,-0.018449,0.019375,0.096037,-0.032320,0.101330,0.035291
3032.000000,0.551634,0.240555,-0.092087,-0.079859,0.045600,0.009695,0.073219,-0.025248,0.077450,0.026993
3033.000000,0.551907,0.224916,-0.044863,-0.114505,0.047333,0.006525,-0.040533,0.010258,0.041811,0.014583
3034.000000,0.579068,0.254309,0.072287,0.034884,-0.020892,-0.001916,-0.069959,0.023453,0.073786,0.025719
3035.000000,0.573124,0.251258,0.035289,0.058866,-0.028644,-0.007076,-0.014149,0.004452,0.014833,0.005175
3036.000000,0.540420,0.217786,-0.029090,-0.017805,0.009421,-0.010551,0.001135,-0.004319,0.004466,0.001558
3037.000000,0.522435,0.205218,-0.009743,-0.037263,0.019487,-0.012643,-0.032268,0.006448,0.032906,0.011478
3038.000000,0.534058,0.233368,0.066199,0.070294,-0.028441,-0.015224,-0.002215,0.004890,0.005368,0.001873
3039.000000,0.529007,0.240476,0.024994,0.093262,-0.042521,-0.014203,0.093315,-0.021392,0.095736,0.033349
3040.000000,0.487645,0.201017,-0.069958,-0.015343,0.005017,-0.014384,0.126603,-0.036614,0.131791,0.045846
3041.000000,0.455273,0.174712,-0.104422,-0.138403,0.060189,-0.009803,0.026601,-0.013436,0.029802,0.010396
3042.000000,0.458313,0.182892,-0.069222,-0.185728,0.075736,0.001272,-0.161598,0.038065,0.166021,0.057655
3043.000000,0.511062,0.249552,0.153982,0.074881,-0.034948,-0.004000,-0.196970,0.058675,0.205524,0.071198
3044.000000,0.579650,0.350244,0.190959,0.268661,-0.116392,0.005655,0.018176,0.005300,0.018933,0.006605
3045.000000,0.511851,0.250949,-0.112573,-0.013149,0.011201,0.004956,0.133548,-0.044068,0.140631,0.048901
3046.000000,0.485725,0.211691,-0.118274,-0.167354,0.079561,0.006656,0.015040,-0.011917,0.019189,0.006694
3047.000000,0.540314,0.271832,0.101400,0.071992,-0.031410,-0.000687,-0.014090,0.012535,0.018859,0.006579
3048.000000,0.546644,0.277519,0.027832,0.108673,-0.053780,-0.003084,0.092309,-0.020204,0.094494,0.032918
3049.000000,0.486945,0.200870,-0.155548,-0.145759,0.061095,-0.002776,0.044746,-0.022778,0.050210,0.017510
3050.000000,0.495134,0.216834,-0.027030,-0.117099,0.054577,0.000662,-0.101139,0.023242,0.103775,0.036140
3051.000000,0.544909,0.279045,0.146051,0.116227,-0.050406,-0.005358,-0.077069,0.029360,0.082472,0.028740
3052.000000,0.530368,0.258053,0.015074,0.063965,-0.033223,-0.006696,0.019781,-0.004530,0.020293,0.007079
3053.000000,0.491941,0.216404,-0.053350,-0.039860,0.018790,-0.009452,0.022655,-0.011632,0.025467,0.008884
3054.000000,0.479857,0.210882,-0.007281,-0.036131,0.020317,-0.011325,-0.020146,0.003602,0.020465,0.007139
3055.000000,0.484192,0.223618,0.038533,0.030713,-0.012829,-0.013951,-0.016259,0.007317,0.017830,0.006220
3056.000000,0.469552,0.212525,0.001016,0.016262,-0.010462,-0.015119,0.008924,-0.001976,0.009140,0.003189
3057.000000,0.445265,0.193497,-0.026026,-0.028724,0.011640,-0.015448,-0.002875,-0.002161,0.003597,0.001255
3058.000000,0.437583,0.197990,0.013037,0.003461,0.001346,-0.016143,-0.013875,0.003304,0.014263,0.004976
3059.000000,0.437102,0.209564,0.034118,0.053579,-0.022127,-0.016373,0.023867,-0.003704,0.024153,0.008425
3060.000000,0.418684,0.196306,-0.010223,0.024536,-0.012673,-0.015735,0.065404,-0.016927,0.067559,0.023552
3061.000000,0.391623,0.173790,-0.046424,-0.039200,0.015747,-0.014884,0.050574,-0.016099,0.053075,0.018508
3062.000000,0.375305,0.164347,-0.043491,-0.074177,0.032082,-0.012579,-0.017467,0.001585,0.017539,0.006119
3063.000000,0.372607,0.167524,-0.011776,-0.059369,0.024802,-0.010996,-0.091913,0.022926,0.094729,0.032999
3064.000000,0.390584,0.198812,0.075002,0.060525,-0.025349,-0.012247,-0.078787,0.024093,0.082388,0.028711
3065.000000,0.382389,0.193595,0.031925,0.051972,-0.023413,-0.011502,-0.015886,0.004897,0.016624,0.005799
3066.000000,0.357181,0.167386,-0.019785,-0.015998,0.007759,-0.011291,-0.002664,-0.002232,0.003475,0.001212
3067.000000,0.364443,0.190036,0.049006,0.067038,-0.024139,-0.011815,0.035164,-0.006702,0.035797,0.012486
3068.000000,0.357596,0.188851,0.012218,0.066125,-0.028990,-0.010352,0.110936,-0.026573,0.114074,0.039711
3069.000000,0.313542,0.134843,-0.120510,-0.131834,0.052944,-0.006348,0.052856,-0.020729,0.056775,0.019797
3070.000000,0.320370,0.152385,-0.041571,-0.108772,0.047096,-0.001112,-0.081189,0.018371,0.083242,0.029007
3071.000000,0.364879,0.211911,0.111700,0.102321,-0.043627,-0.003917,-0.062539,0.023535,0.066821,0.023295
3072.000000,0.350491,0.189513,0.005259,0.041890,-0.022377,-0.003702,0.013027,-0.003315,0.013442,0.004689
3073.000000,0.323514,0.158536,-0.038964,-0.038817,0.017901,-0.004713,0.006288,-0.006118,0.008773,0.003061
3074.000000,0.329233,0.173639,0.032599,0.029433,-0.007533,-0.006716,0.008136,-0.000819,0.008177,0.002853
3075.000000,0.314264,0.152679,-0.021296,-0.021840,0.007082,-0.007264,0.007029,-0.002071,0.007328,0.002556
3076.000000,0.307732,0.149812,-0.007814,-0.016603,0.005812,-0.007859,-0.014254,0.003023,0.014571,0.005083
3077.000000,0.309506,0.159784,0.025978,0.031086,-0.012247,-0.008678,-0.000988,0.001312,0.001642,0.000573
3078.000000,0.295314,0.145035,-0.010337,-0.002713,0.000503,-0.008622,0.011571,-0.003773,0.012171,0.004246
3079.000000,0.277923,0.126203,-0.038125,-0.059421,0.024684,-0.007408,-0.029760,0.004882,0.030158,0.010520
3080.000000,0.287854,0.145990,0.033723,0.019190,-0.006248,-0.008094,-0.044381,0.013092,0.046272,0.016137
3081.000000,0.310080,0.184010,0.080231,0.125263,-0.052570,-0.005887,0.048926,-0.007449,0.049490,0.017259
3082.000000,0.275325,0.139579,-0.049230,-0.009142,0.002041,-0.004322,0.100802,-0.029319,0.104979,0.036557
3083.000000,0.248189,0.108650,-0.105480,-0.152072,0.065736,0.001400,-0.005776,-0.005801,0.008186,0.002856
3084.000000,0.271967,0.138546,0.003359,-0.058439,0.024842,0.003052,-0.115339,0.031207,0.119486,0.041587
3085.000000,0.300675,0.171667,0.080476,0.071128,-0.033631,-0.000024,-0.094316,0.030046,0.098986,0.034477
3086.000000,0.318590,0.200466,0.082726,0.139035,-0.060294,0.002787,0.032195,-0.004525,0.032511,0.011340
3087.000000,0.290916,0.168552,-0.016910,0.045171,-0.015306,0.003220,0.126802,-0.035997,0.131812,0.045853
3088.000000,0.257675,0.124271,-0.088949,-0.099333,0.046555,0.003621,0.080627,-0.026788,0.084961,0.029605
3089.000000,0.270012,0.139759,-0.013969,-0.044786,0.019817,0.002868,0.004463,-0.000165,0.004466,0.001558
3090.000000,0.265352,0.127371,-0.045443,-0.082357,0.028459,0.002561,-0.071591,0.017588,0.073720,0.025696
3091.000000,0.274632,0.139526,0.011672,-0.024774,0.007801,0.000543,-0.126283,0.032735,0.130457,0.045384
3092.000000,0.300490,0.177917,0.098422,0.104413,-0.042446,-0.000999,-0.067307,0.021795,0.070748,0.024662
3093.000000,0.298522,0.177778,0.043642,0.091532,-0.037966,0.000814,0.042605,-0.009453,0.043641,0.015220
3094.000000,0.268894,0.139327,-0.038308,-0.015317,0.008354,-0.000061,0.074599,-0.022761,0.077994,0.027183
3095.000000,0.256669,0.126185,-0.034604,-0.049541,0.023439,-0.000699,0.034110,-0.011026,0.035848,0.012504
3096.000000,0.273236,0.151727,0.036550,0.047768,-0.019362,-0.002777,0.043395,-0.007782,0.044087,0.015376
3097.000000,0.258971,0.133552,-0.022315,0.002571,-0.004613,-0.003351,0.067289,-0.017774,0.069597,0.024261
3098.000000,0.234217,0.104446,-0.081637,-0.108517,0.044377,-0.000800,-0.004597,-0.004336,0.006319,0.002205
3099.000000,0.238799,0.111486,-0.045225,-0.111941,0.047073,0.003639,-0.129954,0.031048,0.133611,0.046475
3100.000000,0.278139,0.160169,0.095643,0.068015,-0.029588,0.000629,-0.135735,0.041150,0.141836,0.049317
3101.000000,0.316234,0.215090,0.124145,0.184421,-0.079883,0.006283,0.019892,0.001746,0.019968,0.006966
3102.000000,0.274003,0.156430,-0.049941,0.006944,-0.000480,0.007054,0.109720,-0.033923,0.114844,0.039978
3103.000000,0.253108,0.129866,-0.057929,-0.070095,0.036268,0.005575,0.065520,-0.021608,0.068991,0.024050
3104.000000,0.262023,0.137872,-0.007273,-0.029440,0.013368,0.003424,0.013189,-0.001941,0.013331,0.004651
3105.000000,0.256571,0.125020,-0.037942,-0.061709,0.020277,0.002152,-0.041920,0.010279,0.043162,0.015053
3106.000000,0.269151,0.145045,0.032698,0.024082,-0.011193,-0.000614,-0.054188,0.015373,0.056326,0.019641
3107.000000,0.267828,0.145096,0.027333,0.039254,-0.016210,-0.002007,-0.016595,0.005046,0.017345,0.006051
3108.000000,0.255084,0.129841,-0.002900,0.005157,-0.001425,-0.002889,0.005029,-0.002242,0.005506,0.001921
3109.000000,0.259014,0.141689,0.033481,0.052822,-0.019927,-0.003808,0.043037,-0.009452,0.044063,0.015367
3110.000000,0.235181,0.109848,-0.044426,-0.042317,0.016282,-0.003422,0.038959,-0.012487,0.040911,0.014269
3111.000000,0.230651,0.109348,-0.021644,-0.040263,0.017475,-0.003212,-0.007739,0.000604,0.007763,0.002708
3112.000000,0.237358,0.121624,0.017973,0.012595,-0.005058,-0.004200,-0.017876,0.006099,0.018888,0.006589
3113.000000,0.221706,0.099151,-0.037850,-0.054316,0.019961,-0.003565,-0.048702,0.010525,0.049826,0.017376
3114.000000,0.240603,0.132061,0.059515,0.061447,-0.023711,-0.004568,-0.032392,0.011122,0.034248,0.011946
3115.000000,0.245128,0.143317,0.046236,0.087160,-0.036511,-0.002715,0.054781,-0.011547,0.055985,0.019521
3116.000000,0.206801,0.090725,-0.081892,-0.085427,0.034900,-0.000822,0.037490,-0.015294,0.040490,0.014122
3117.000000,0.205535,0.092614,-0.050164,-0.104135,0.045484,0.002994,-0.072081,0.015476,0.073724,0.025697
3118.000000,0.244591,0.143405,0.085274,0.074409,-0.031215,0.000625,-0.070001,0.024247,0.074081,0.025822
3119.000000,0.268130,0.178293,0.083001,0.148979,-0.065274,0.004890,0.064656,-0.011518,0.065674,0.022896
3120.000000,0.234433,0.137176,-0.035268,0.024876,-0.008128,0.005684,0.150128,-0.043021,0.156170,0.054263
3121.000000,0.201481,0.093453,-0.115092,-0.150063,0.068378,0.009387,0.060272,-0.023606,0.064730,0.022567
3122.000000,0.219925,0.110233,-0.071132,-0.156687,0.063473,0.017173,-0.113979,0.028072,0.117385,0.040859
3123.000000,0.271225,0.164289,0.089197,0.052946,-0.029902,0.011467,-0.150171,0.046489,0.157202,0.054618
3124.000000,0.306249,0.208999,0.116913,0.165715,-0.074369,0.013061,-0.013843,0.009404,0.016735,0.005838
3125.000000,0.269252,0.155680,-0.035413,0.011870,-0.001150,0.011659,0.070694,-0.023853,0.074610,0.026005
3126.000000,0.246322,0.119589,-0.070039,-0.100357,0.048684,0.010667,0.008524,-0.007628,0.011439,0.003991
3127.000000,0.270468,0.143562,0.030547,0.000799,0.000351,0.006900,-0.037356,0.013417,0.039692,0.013844
3128.000000,0.291292,0.167415,0.059468,0.089103,-0.041629,0.004381,0.023039,-0.001042,0.023063,0.008045
3129.000000,0.276941,0.151466,-0.002686,0.049732,-0.021880,0.003609,0.097679,-0.026532,0.101218,0.035252
3130.000000,0.244015,0.109590,-0.078643,-0.083320,0.038175,0.003522,0.064439,-0.022773,0.068345,0.023825
3131.000000,0.247038,0.114146,-0.034117,-0.074821,0.033820,0.004353,-0.024489,0.005103,0.025015,0.008726
3132.000000,0.262103,0.129532,0.016630,-0.005725,-0.000567,0.001841,-0.062890,0.019080,0.065721,0.022912
3133.000000,0.254563,0.115096,-0.016373,-0.035795,0.010060,0.000278,-0.089599,0.022258,0.092322,0.032163
3134.000000,0.261450,0.128117,0.038426,0.024987,-0.009196,-0.001787,-0.089311,0.023646,0.092388,0.032186
3135.000000,0.293750,0.181114,0.112585,0.158154,-0.063240,0.000892,0.028789,-0.001541,0.028830,0.010057
3136.000000,0.266877,0.146094,-0.019047,0.041768,-0.016925,0.003013,0.129974,-0.035331,0.134690,0.046848
3137.000000,0.230444,0.097621,-0.114617,-0.142632,0.062328,0.006192,0.053056,-0.021456,0.057230,0.019955
3138.000000,0.247515,0.118055,-0.036819,-0.103026,0.043431,0.009773,-0.082068,0.020548,0.084601,0.029480
3139.000000,0.283970,0.158782,0.073276,0.056695,-0.028017,0.005298,-0.091289,0.029751,0.096015,0.033446
3140.000000,0.315081,0.203903,0.100666,0.166864,-0.072669,0.008312,0.047197,-0.006700,0.047670,0.016625
3141.000000,0.292338,0.180256,-0.006770,0.086009,-0.030930,0.010201,0.181800,-0.050010,0.188553,0.065392
3142.000000,0.243868,0.108812,-0.164501,-0.193265,0.088706,0.014998,0.090866,-0.034571,0.097220,0.033864
3143.000000,0.279431,0.138035,-0.110614,-0.244255,0.096341,0.032924,-0.160752,0.038881,0.165387,0.057437
3144.000000,0.368642,0.224372,0.166000,0.095784,-0.054508,0.023161,-0.207594,0.066160,0.217882,0.075414
3145.000000,0.420452,0.280507,0.151159,0.212596,-0.096721,0.025905,-0.019642,0.011974,0.023004,0.008025
3146.000000,0.373866,0.204185,-0.057954,0.009088,0.004779,0.020961,0.084621,-0.030238,0.089861,0.031308
3147.000000,0.359095,0.172167,-0.045540,-0.055501,0.033968,0.014241,0.051103,-0.016864,0.053814,0.018765
3148.000000,0.371081,0.173859,0.004992,-0.013811,0.005387,0.008149,0.015979,-0.001146,0.016020,0.005589
3149.000000,0.373924,0.171857,0.003340,0.012241,-0.010523,0.003002,0.017839,-0.002951,0.018081,0.006308
3150.000000,0.375483,0.180501,0.021900,0.062180,-0.026383,-0.000272,0.065381,-0.016217,0.067362,0.023483
3151.000000,0.345932,0.143917,-0.055977,-0.039141,0.017528,-0.001802,0.067801,-0.021452,0.071114,0.024789
3152.000000,0.329043,0.123640,-0.082008,-0.134361,0.057289,0.001998,-0.040638,0.005579,0.041019,0.014307
3153.000000,0.348236,0.146035,0.010283,-0.054412,0.021005,0.001974,-0.139281,0.037545,0.144253,0.050152
3154.000000,0.371096,0.173603,0.081704,0.060359,-0.028531,-0.001617,-0.123682,0.036511,0.128958,0.044866
3155.000000,0.393122,0.210536,0.101068,0.148406,-0.062935,0.000768,0.004218,0.003370,0.005399,0.001884
3156.000000,0.375867,0.195672,0.009815,0.091298,-0.034620,0.002791,0.134172,-0.035896,0.138891,0.048300
3157.000000,0.331630,0.136536,-0.103109,-0.093328,0.043834,0.002410,0.113379,-0.036060,0.118975,0.041410
3158.000000,0.329949,0.134134,-0.081321,-0.147703,0.063056,0.007819,-0.029047,0.004000,0.029321,0.010228
3159.000000,0.367039,0.176429,0.054599,0.017911,-0.011716,0.003686,-0.085167,0.027388,0.089462,0.031170
3160.000000,0.381590,0.194389,0.062319,0.090582,-0.042855,0.001197,-0.015775,0.007757,0.017579,0.006133
3161.000000,0.348981,0.150552,-0.042929,-0.028859,0.011947,-0.000446,0.006732,-0.006439,0.009316,0.003250
3162.000000,0.349241,0.158476,0.021411,0.017539,-0.001659,-0.003298,0.005174,-0.001380,0.005355,0.001868
3163.000000,0.354258,0.168288,0.034135,0.059756,-0.024350,-0.004811,0.053556,-0.010675,0.054610,0.019042
3164.000000,0.323898,0.127987,-0.066898,-0.064481,0.023369,-0.004534,0.037805,-0.013231,0.040053,0.013970
3165.000000,0.312488,0.119152,-0.066552,-0.122924,0.051441,-0.000359,-0.074678,0.014536,0.076080,0.026517
3166.000000,0.342977,0.161511,0.070350,0.035773,-0.013695,-0.002811,-0.107438,0.031861,0.112063,0.039014
3167.000000,0.372444,0.204774,0.102964,0.148018,-0.064205,-0.000677,0.008829,0.004127,0.009746,0.003400
3168.000000,0.351463,0.182136,-0.003837,0.072477,-0.030158,0.001554,0.126029,-0.034098,0.130560,0.045420
3169.000000,0.308075,0.126220,-0.107878,-0.113470,0.051984,0.002560,0.083001,-0.029288,0.088017,0.030667
3170.000000,0.310925,0.127524,-0.090112,-0.180232,0.076200,0.011855,-0.090208,0.019143,0.092217,0.032127
3171.000000,0.364845,0.186917,0.097459,0.047731,-0.025355,0.006862,-0.141052,0.044270,0.147836,0.051389
3172.000000,0.409351,0.245507,0.131302,0.191543,-0.085730,0.009708,0.010031,0.004895,0.011162,0.003894
3173.000000,0.372138,0.195085,-0.038263,0.045004,-0.015045,0.009603,0.128680,-0.038636,0.134355,0.046732
3174.000000,0.339354,0.149594,-0.086617,-0.088217,0.045517,0.007203,0.089799,-0.029754,0.094600,0.032954
3175.000000,0.344130,0.149323,-0.043179,-0.092379,0.039847,0.007218,-0.013200,0.002974,0.013531,0.004720
3176.000000,0.355279,0.155753,-0.008279,-0.053341,0.015971,0.004454,-0.091647,0.025337,0.095085,0.033123
3177.000000,0.366716,0.169706,0.043300,0.023649,-0.013532,0.000063,-0.100266,0.027721,0.104028,0.036227
3178.000000,0.361154,0.163336,0.030516,0.026328,-0.010893,-0.002610,-0.071586,0.018318,0.073893,0.025756
3179.000000,0.387497,0.210769,0.103486,0.152599,-0.059885,-0.001400,0.043322,-0.006194,0.043763,0.015263
3180.000000,0.357551,0.172355,-0.030318,0.034816,-0.013807,-0.000450,0.137331,-0.037323,0.142312,0.049482
3181.000000,0.326968,0.136541,-0.081208,-0.078511,0.035072,-0.000796,0.100520,-0.030911,0.105165,0.036622
3182.000000,0.323027,0.135073,-0.059107,-0.103068,0.043766,0.001535,-0.005148,-0.001159,0.005277,0.001841
3183.000000,0.330123,0.141664,-0.029903,-0.086381,0.032182,0.002391,-0.110787,0.028390,0.114367,0.039813
3184.000000,0.365057,0.189553,0.100087,0.089923,-0.039728,-0.001148,-0.090026,0.028857,0.094538,0.032933
3185.000000,0.367875,0.196281,0.055134,0.101601,-0.044082,0.000002,0.019999,-0.003168,0.020248,0.007064
3186.000000,0.339126,0.161862,-0.025957,0.009929,-0.001416,-0.001187,0.073681,-0.022377,0.077004,0.026838
3187.000000,0.314508,0.130721,-0.065993,-0.090848,0.041170,-0.000580,0.017080,-0.008826,0.019226,0.006707
3188.000000,0.319731,0.136956,-0.019981,-0.069959,0.028968,0.000088,-0.071998,0.018504,0.074338,0.025911
3189.000000,0.333867,0.153683,0.035756,0.008721,-0.006736,-0.002601,-0.098476,0.028163,0.102424,0.035671
3190.000000,0.375834,0.220142,0.128038,0.182733,-0.077103,0.000513,0.028617,-0.000369,0.028619,0.009983
3191.000000,0.348896,0.189311,-0.017642,0.074825,-0.029287,0.003924,0.163335,-0.044646,0.169327,0.058792
3192.000000,0.301658,0.124973,-0.148114,-0.167815,0.076090,0.007575,0.084671,-0.031844,0.090461,0.031517
3193.000000,0.325757,0.150876,-0.042597,-0.123124,0.051909,0.012682,-0.075521,0.019220,0.077928,0.027160
3194.000000,0.372956,0.201626,0.096583,0.078410,-0.039182,0.006455,-0.079407,0.028474,0.084358,0.029395
3195.000000,0.371316,0.195036,0.031778,0.073030,-0.035892,0.004424,0.006146,-0.000585,0.006174,0.002154
3196.000000,0.332060,0.139682,-0.079001,-0.092373,0.040713,0.003406,-0.022184,-0.001726,0.022251,0.007762
3197.000000,0.344895,0.157512,0.028897,-0.012779,0.010809,0.000755,-0.073521,0.019950,0.076180,0.026551
3198.000000,0.373528,0.194305,0.090939,0.108902,-0.046734,-0.001169,-0.006070,0.008235,0.010230,0.003569
3199.000000,0.343258,0.150233,-0.042308,-0.016756,0.002693,-0.001788,0.033055,-0.011361,0.034953,0.012192
3200.000000,0.342338,0.160993,0.019154,0.035921,-0.011005,-0.004264,0.049545,-0.013146,0.051259,0.017875
3201.000000,0.343596,0.170768,0.025216,0.072393,-0.028182,-0.004890,0.115013,-0.027408,0.118234,0.041153
3202.000000,0.303561,0.117929,-0.108654,-0.111011,0.044081,-0.002725,0.073757,-0.024617,0.077757,0.027100
3203.000000,0.302860,0.122924,-0.087291,-0.166003,0.068664,0.005899,-0.088932,0.018025,0.090740,0.031614
3204.000000,0.336741,0.161105,0.046671,-0.021093,0.005629,0.004138,-0.179655,0.050074,0.186503,0.064690
3205.000000,0.370569,0.203286,0.121915,0.120769,-0.054446,0.001828,-0.107732,0.034277,0.113054,0.039358
3206.000000,0.371811,0.208337,0.060229,0.115538,-0.048586,0.003996,0.025929,-0.005443,0.026494,0.009242
3207.000000,0.362876,0.206425,0.023930,0.106064,-0.037743,0.004214,0.150492,-0.039417,0.155568,0.054055
3208.000000,0.324470,0.154725,-0.079703,-0.039395,0.021091,0.002150,0.172823,-0.048997,0.179634,0.062333
3209.000000,0.309716,0.137140,-0.096321,-0.126569,0.054021,0.004560,0.069235,-0.022049,0.072661,0.025327
3210.000000,0.318922,0.146863,-0.067888,-0.137038,0.052878,0.008915,-0.081168,0.019130,0.083392,0.029060
3211.000000,0.337916,0.162686,-0.000602,-0.075446,0.024436,0.007645,-0.194803,0.051280,0.201439,0.069803
3212.000000,0.367603,0.197215,0.111989,0.071452,-0.032593,0.002323,-0.181182,0.051371,0.188324,0.065314
3213.000000,0.410680,0.261516,0.154073,0.203435,-0.084684,0.007125,-0.011101,0.009694,0.014738,0.005142
3214.000000,0.390049,0.235321,0.000172,0.103139,-0.037869,0.009921,0.151943,-0.041495,0.157507,0.054723
3215.000000,0.347991,0.174623,-0.098490,-0.062817,0.033763,0.006244,0.156966,-0.047031,0.163860,0.056911
3216.000000,0.345218,0.168317,-0.062221,-0.085113,0.038261,0.005169,0.070377,-0.019993,0.073162,0.025502
3217.000000,0.353403,0.174845,-0.025772,-0.049246,0.016407,0.002414,-0.002122,0.001518,0.002609,0.000910
3218.000000,0.353002,0.173480,-0.012765,-0.029721,0.008135,-0.000873,-0.044823,0.011217,0.046205,0.016114
3219.000000,0.343715,0.161299,-0.015685,-0.048967,0.019375,-0.002660,-0.091526,0.021400,0.093995,0.032744
3220.000000,0.357441,0.183532,0.065367,0.047170,-0.017175,-0.005495,-0.082483,0.023696,0.085819,0.029903
3221.000000,0.352179,0.176633,0.032155,0.039543,-0.017132,-0.006467,-0.034112,0.010070,0.035567,0.012406
3222.000000,0.336073,0.158371,-0.002651,-0.000847,0.000357,-0.007307,-0.016443,0.002934,0.016703,0.005827
3223.000000,0.346076,0.182646,0.056768,0.082968,-0.031842,-0.007858,0.039101,-0.007396,0.039794,0.013880
3224.000000,0.326169,0.160659,-0.016592,0.022212,-0.010181,-0.007329,0.092570,-0.024398,0.095731,0.033347
3225.000000,0.306361,0.142972,-0.038844,-0.024362,0.010270,-0.007504,0.086603,-0.024481,0.089997,0.031355
3226.000000,0.291429,0.130494,-0.050510,-0.068001,0.028442,-0.006203,0.029603,-0.010211,0.031315,0.010923
3227.000000,0.285873,0.126961,-0.048975,-0.093800,0.037878,-0.003395,-0.064979,0.014525,0.066583,0.023212
3228.000000,0.298276,0.144460,0.018497,-0.022079,0.007839,-0.004099,-0.123303,0.033034,0.127651,0.044414
3229.000000,0.306488,0.155724,0.050882,0.034857,-0.015731,-0.005706,-0.110139,0.030455,0.114272,0.039780
3230.000000,0.347958,0.224814,0.135376,0.195586,-0.080137,-0.000075,0.037626,-0.002857,0.037734,0.013161
3231.000000,0.325429,0.201251,-0.007978,0.096774,-0.037222,0.005232,0.192924,-0.051496,0.199679,0.069201
3232.000000,0.273656,0.129064,-0.161318,-0.171132,0.077821,0.008812,0.121984,-0.041911,0.128983,0.044874
3233.000000,0.297453,0.151752,-0.101734,-0.212437,0.087490,0.022727,-0.099098,0.022069,0.101526,0.035359
3234.000000,0.368078,0.221600,0.121056,0.065724,-0.037268,0.014880,-0.152376,0.049263,0.160141,0.055631
3235.000000,0.387579,0.235471,0.084660,0.119053,-0.057462,0.011939,-0.041389,0.014515,0.043860,0.015297
3236.000000,0.350119,0.177702,-0.045296,-0.029613,0.015243,0.007787,-0.006087,-0.004786,0.007743,0.002701
3237.000000,0.358177,0.189825,0.042381,0.041316,-0.009106,0.002343,0.007938,-0.000831,0.007981,0.002784
3238.000000,0.375792,0.212605,0.057661,0.113628,-0.046970,0.000958,0.103387,-0.021427,0.105584,0.036767
3239.000000,0.337836,0.159532,-0.080791,-0.038036,0.012763,-0.000241,0.130359,-0.037741,0.135712,0.047201
3240.000000,0.317672,0.139390,-0.102495,-0.143885,0.062028,0.003656,0.015956,-0.010945,0.019349,0.006750
3241.000000,0.336826,0.162008,-0.009758,-0.072477,0.030101,0.004460,-0.099197,0.026267,0.102616,0.035737
3242.000000,0.349186,0.169608,0.028667,-0.014715,0.001122,0.000684,-0.142486,0.039319,0.147812,0.051380
3243.000000,0.362729,0.187797,0.076957,0.066625,-0.029870,-0.002365,-0.104343,0.029745,0.108500,0.037779
3244.000000,0.375066,0.212240,0.084608,0.126399,-0.051136,-0.001097,0.011571,-0.000067,0.011571,0.004037
3245.000000,0.374128,0.221650,0.037089,0.131943,-0.050774,0.002155,0.158596,-0.039674,0.163483,0.056781
3246.000000,0.331324,0.166231,-0.084636,-0.023296,0.013604,0.000826,0.203847,-0.057282,0.211742,0.073321
3247.000000,0.307465,0.137236,-0.150872,-0.203833,0.087760,0.009305,0.055765,-0.022533,0.060145,0.020971
3248.000000,0.340881,0.170408,-0.072651,-0.188874,0.071487,0.020652,-0.164197,0.041414,0.169339,0.058796
3249.000000,0.398158,0.225792,0.123883,0.050690,-0.031452,0.012156,-0.216423,0.063901,0.225660,0.078061
3250.000000,0.444039,0.281521,0.161897,0.190161,-0.084639,0.012480,-0.064364,0.023583,0.068548,0.023896
3251.000000,0.426087,0.255154,0.015266,0.101724,-0.036907,0.012366,0.091771,-0.026613,0.095552,0.033285
3252.000000,0.384919,0.190213,-0.088647,-0.069519,0.037530,0.007500,0.091787,-0.030307,0.096661,0.033670
3253.000000,0.392163,0.193537,-0.013236,-0.032335,0.016348,0.003131,0.037700,-0.008729,0.038697,0.013497
3254.000000,0.391269,0.186859,-0.015534,-0.024588,0.005446,-0.000999,0.006215,-0.000522,0.006237,0.002176
3255.000000,0.388655,0.187439,0.001175,0.005451,-0.004786,-0.004515,-0.001430,0.000239,0.001450,0.000506
3256.000000,0.383974,0.188734,0.014736,0.032985,-0.012812,-0.006931,0.023348,-0.005908,0.024084,0.008401
3257.000000,0.359175,0.158579,-0.044007,-0.050140,0.020908,-0.007358,0.004854,-0.004230,0.006438,0.002246
3258.000000,0.357218,0.162732,0.001118,-0.021762,0.010428,-0.008200,-0.033033,0.008265,0.034051,0.011877
3259.000000,0.353079,0.160452,0.007253,-0.010516,0.003564,-0.009143,-0.050290,0.013352,0.052032,0.018145
3260.000000,0.349247,0.160787,0.017553,0.008594,-0.004063,-0.009973,-0.049480,0.013092,0.051183,0.017849
3261.000000,0.345050,0.162361,0.025830,0.028298,-0.011175,-0.010405,-0.026527,0.007374,0.027533,0.009604
3262.000000,0.338472,0.161428,0.021283,0.036125,-0.014307,-0.010326,0.010894,-0.002206,0.011115,0.003878
3263.000000,0.315659,0.135680,-0.032908,-0.037456,0.015300,-0.009550,0.002346,-0.003048,0.003846,0.001342
3264.000000,0.321690,0.154112,0.031687,0.033970,-0.012120,-0.010104,0.007947,-0.000455,0.007960,0.002777
3265.000000,0.338702,0.188383,0.063354,0.125638,-0.052606,-0.007292,0.108431,-0.023265,0.110899,0.038611
3266.000000,0.304599,0.149709,-0.052732,0.009698,-0.005606,-0.005488,0.173349,-0.047357,0.179701,0.062356
3267.000000,0.270184,0.108907,-0.194989,-0.275820,0.117167,0.011249,-0.007460,-0.010629,0.012986,0.004530
3268.000000,0.329639,0.169055,-0.038678,-0.185057,0.067537,0.026904,-0.257269,0.067990,0.266101,0.091744
3269.000000,0.456581,0.317333,0.305938,0.270059,-0.126134,0.023188,-0.158683,0.058827,0.169236,0.058761
3270.000000,0.485951,0.342421,0.074509,0.219378,-0.089313,0.035172,0.112695,-0.029299,0.116441,0.040532
3271.000000,0.415384,0.209203,-0.196152,-0.161054,0.084759,0.028547,0.105100,-0.042904,0.113520,0.039519
3272.000000,0.451650,0.220194,-0.032851,-0.123412,0.056496,0.026940,-0.052298,0.014361,0.054234,0.018912
3273.000000,0.506260,0.259284,0.106565,0.075922,-0.042034,0.014547,-0.058068,0.024851,0.063162,0.022021
3274.000000,0.524432,0.276079,0.058495,0.144145,-0.066218,0.011003,0.073788,-0.016291,0.075565,0.026338
3275.000000,0.482469,0.221180,-0.070592,0.017691,-0.000910,0.005748,0.152155,-0.046029,0.158965,0.055226
3276.000000,0.449671,0.168094,-0.181501,-0.260118,0.115803,0.016304,-0.014066,-0.008012,0.016188,0.005647
3277.000000,0.512813,0.226144,0.064465,-0.049594,0.014663,0.015003,-0.167126,0.050124,0.174481,0.060564
3278.000000,0.575232,0.296311,0.175650,0.183372,-0.086997,0.009157,-0.066078,0.027889,0.071722,0.025001
3279.000000,0.553515,0.264986,-0.001772,0.093265,-0.039129,0.008013,0.081441,-0.024191,0.084958,0.029604
3280.000000,0.516161,0.218787,-0.059664,-0.005729,0.011832,0.001367,0.120591,-0.036699,0.126052,0.043860
3281.000000,0.488063,0.176682,-0.120148,-0.180848,0.079066,0.005162,-0.003492,-0.005435,0.006460,0.002254
3282.000000,0.513576,0.201023,-0.000882,-0.107960,0.039434,0.006804,-0.159205,0.042995,0.164908,0.057272
3283.000000,0.559138,0.258240,0.151362,0.114717,-0.053974,-0.000421,-0.131546,0.041916,0.138063,0.048014
3284.000000,0.570096,0.279614,0.084072,0.152122,-0.065426,0.000975,0.023887,-0.003443,0.024134,0.008419
3285.000000,0.543573,0.255035,-0.014598,0.090705,-0.031785,-0.000417,0.155175,-0.042601,0.160917,0.055898
3286.000000,0.499983,0.201306,-0.099706,-0.053965,0.027772,-0.004010,0.160853,-0.046486,0.167435,0.058142
3287.000000,0.483858,0.186453,-0.099273,-0.136905,0.057591,-0.001551,0.043902,-0.015194,0.046457,0.016202
3288.000000,0.496865,0.206535,-0.013415,-0.068713,0.024631,-0.002563,-0.065509,0.017840,0.067895,0.023669
3289.000000,0.496729,0.207861,0.014258,-0.032363,0.009196,-0.006457,-0.119090,0.030908,0.123035,0.042816
3290.000000,0.486736,0.198393,0.023806,-0.031175,0.012787,-0.009341,-0.155326,0.038527,0.160033,0.055593
3291.000000,0.508491,0.240478,0.126983,0.109718,-0.041951,-0.011615,-0.096074,0.029240,0.100425,0.034977
3292.000000,0.532197,0.286889,0.100622,0.187290,-0.077797,-0.005120,0.080501,-0.015065,0.081899,0.028540
3293.000000,0.484409,0.228952,-0.074998,0.025887,-0.009239,-0.004637,0.184747,-0.052086,0.191949,0.066556
3294.000000,0.444744,0.184797,-0.135936,-0.146476,0.065857,-0.002354,0.098210,-0.033226,0.103678,0.036106
3295.000000,0.458229,0.204835,-0.038101,-0.103128,0.042821,0.000194,-0.038754,0.009801,0.039974,0.013942
3296.000000,0.479786,0.231056,0.050307,0.022301,-0.014532,-0.005114,-0.071408,0.022731,0.074939,0.026120
3297.000000,0.476442,0.231050,0.035807,0.051674,-0.025180,-0.008398,-0.026293,0.007777,0.027419,0.009565
3298.000000,0.445032,0.195179,-0.032652,-0.039326,0.017560,-0.009970,-0.028914,0.003079,0.029077,0.010143
3299.000000,0.442662,0.202433,0.029866,0.008349,0.001230,-0.012102,-0.041622,0.010998,0.043051,0.015015
3300.000000,0.447679,0.216889,0.051520,0.067438,-0.028134,-0.013158,0.007609,0.001554,0.007766,0.002709
3301.000000,0.426876,0.197147,-0.012860,0.020003,-0.011209,-0.013146,0.052408,-0.014084,0.054267,0.018923
3302.000000,0.401210,0.175523,-0.041155,-0.037897,0.016165,-0.013038,0.036285,-0.012615,0.038415,0.013399
3303.000000,0.385604,0.164945,-0.038714,-0.072773,0.031926,-0.011287,-0.030253,0.005040,0.030670,0.010698
3304.000000,0.398406,0.190429,0.045113,0.028774,-0.011238,-0.012512,-0.044626,0.014395,0.046890,0.016353
3305.000000,0.392590,0.188639,0.022433,0.037607,-0.018354,-0.012656,-0.006029,0.002934,0.006705,0.002339
3306.000000,0.376876,0.178341,0.000614,0.019731,-0.008540,-0.012606,0.024718,-0.007380,0.025796,0.008999
3307.000000,0.356913,0.161591,-0.021732,-0.021321,0.010280,-0.012302,0.019528,-0.007139,0.020792,0.007253
3308.000000,0.346993,0.156917,-0.011901,-0.025409,0.011686,-0.011925,-0.007458,0.001173,0.007550,0.002634
3309.000000,0.342501,0.157815,0.002855,-0.008677,0.003085,-0.011917,-0.025114,0.006842,0.026029,0.009080
3310.000000,0.347172,0.173689,0.038698,0.053562,-0.022713,-0.011931,0.006985,0.000390,0.006996,0.002441
3311.000000,0.347186,0.185598,0.034347,0.088332,-0.037340,-0.009853,0.091441,-0.021471,0.093928,0.032721
3312.000000,0.300459,0.126477,-0.110921,-0.115886,0.047767,-0.006339,0.054308,-0.021062,0.058249,0.020310
3313.000000,0.301258,0.133972,-0.067946,-0.146864,0.063019,0.001740,-0.097860,0.021163,0.100122,0.034872
3314.000000,0.337550,0.176757,0.073522,0.020257,-0.010593,-0.000845,-0.152088,0.044466,0.158455,0.055050
3315.000000,0.347571,0.185991,0.067461,0.066472,-0.032446,-0.002675,-0.097877,0.028500,0.101942,0.035503
3316.000000,0.352715,0.200789,0.068388,0.107263,-0.043758,-0.001853,0.005115,0.000261,0.005122,0.001787
3317.000000,0.358730,0.222393,0.054440,0.145333,-0.055227,0.001640,0.152304,-0.037379,0.156824,0.054488
3318.000000,0.314071,0.163155,-0.085967,-0.024912,0.014073,0.000951,0.202662,-0.056938,0.210508,0.072900
3319.000000,0.291472,0.136257,-0.137294,-0.181386,0.078219,0.007588,0.068863,-0.024980,0.073254,0.025534
3320.000000,0.323768,0.173753,-0.013329,-0.071399,0.026535,0.008551,-0.062963,0.018229,0.065549,0.022852
3321.000000,0.341712,0.189301,0.035818,0.017875,-0.013701,0.003100,-0.083756,0.024849,0.087364,0.030441
3322.000000,0.328340,0.166539,-0.007319,-0.024826,0.007098,-0.000117,-0.092095,0.021741,0.094626,0.032964
3323.000000,0.320013,0.154429,0.004550,-0.038836,0.018321,-0.001998,-0.129771,0.031352,0.133505,0.046438
3324.000000,0.342178,0.186021,0.095425,0.078639,-0.029700,-0.004404,-0.094820,0.028774,0.099090,0.034513
3325.000000,0.355873,0.207340,0.077585,0.123353,-0.052624,-0.001967,0.024579,-0.001999,0.024660,0.008602
3326.000000,0.338324,0.190241,0.001058,0.071425,-0.028846,-0.000664,0.129700,-0.034449,0.134197,0.046678
3327.000000,0.308948,0.157793,-0.051856,-0.013574,0.009412,-0.002165,0.153622,-0.043166,0.159571,0.055435
3328.000000,0.290951,0.138695,-0.071591,-0.080566,0.035316,-0.001594,0.093070,-0.027067,0.096926,0.033762
3329.000000,0.298436,0.152581,-0.018094,-0.028306,0.010251,-0.002677,0.036778,-0.008516,0.037751,0.013167
3330.000000,0.285785,0.136194,-0.058258,-0.084167,0.030561,-0.002090,-0.032925,0.005992,0.033466,0.011673
3331.000000,0.286477,0.139448,-0.023885,-0.074430,0.029844,-0.001147,-0.121924,0.029402,0.125419,0.043641
3332.000000,0.296401,0.150127,0.033396,-0.015048,0.006243,-0.002823,-0.166573,0.043973,0.172279,0.059807
3333.000000,0.317028,0.178279,0.096240,0.085497,-0.035545,-0.004146,-0.115943,0.034159,0.120870,0.042066
3334.000000,0.329616,0.200710,0.083796,0.127948,-0.053413,-0.000939,0.009753,0.000948,0.009799,0.003419
3335.000000,0.313347,0.185663,0.010406,0.076647,-0.029143,0.000649,0.120463,-0.032027,0.124648,0.043374
3336.000000,0.279741,0.143226,-0.066063,-0.044816,0.022328,-0.000355,0.125671,-0.036776,0.130941,0.045552
3337.000000,0.269025,0.131601,-0.066204,-0.095609,0.041319,0.001198,0.040519,-0.013305,0.042648,0.014874
3338.000000,0.295894,0.169034,0.040481,0.044381,-0.019937,-0.001629,0.026197,-0.002446,0.026311,0.009178
3339.000000,0.286671,0.157539,-0.009211,0.025080,-0.014753,-0.002790,0.063688,-0.016195,0.065715,0.022910
3340.000000,0.254301,0.116363,-0.101370,-0.130207,0.053621,0.000350,-0.012341,-0.003975,0.012965,0.004523
3341.000000,0.263598,0.127812,-0.044933,-0.128244,0.054184,0.006242,-0.158489,0.038315,0.163055,0.056634
3342.000000,0.309979,0.181859,0.117392,0.075656,-0.033869,0.002275,-0.166545,0.050267,0.173966,0.060387
3343.000000,0.336829,0.216107,0.110167,0.149618,-0.066841,0.005196,-0.030611,0.013442,0.033432,0.011662
3344.000000,0.317219,0.193037,0.009223,0.075317,-0.028628,0.006167,0.089165,-0.025394,0.092711,0.032298
3345.000000,0.290237,0.158965,-0.038321,-0.008702,0.010489,0.003173,0.117956,-0.034134,0.122796,0.042733
3346.000000,0.279440,0.143803,-0.041251,-0.044315,0.020952,0.001265,0.083967,-0.022830,0.087015,0.030319
3347.000000,0.271507,0.131880,-0.060469,-0.089676,0.034300,0.001777,0.003110,-0.002606,0.004058,0.001416
3348.000000,0.274107,0.134931,-0.038624,-0.087341,0.032876,0.002681,-0.097013,0.023409,0.099797,0.034759
3349.000000,0.313985,0.191235,0.108667,0.108592,-0.045265,-0.000154,-0.064132,0.022438,0.067944,0.023686
3350.000000,0.330668,0.218592,0.074013,0.154009,-0.064843,0.004702,0.089550,-0.019316,0.091610,0.031916
3351.000000,0.272745,0.133257,-0.131686,-0.120577,0.053008,0.005998,0.079451,-0.030036,0.084939,0.029597
3352.000000,0.278759,0.136041,-0.095941,-0.196277,0.084165,0.016730,-0.107579,0.022424,0.109891,0.038261
3353.000000,0.344476,0.204663,0.124645,0.067730,-0.033660,0.010692,-0.152225,0.048771,0.159847,0.055529
3354.000000,0.402885,0.277805,0.149757,0.227390,-0.101316,0.016326,0.031952,0.000529,0.031956,0.011147
3355.000000,0.354558,0.205383,-0.070684,0.023214,-0.003838,0.015295,0.152307,-0.047241,0.159465,0.055398
3356.000000,0.324807,0.156712,-0.117872,-0.144260,0.070999,0.014942,0.065534,-0.025424,0.070293,0.024503
3357.000000,0.348472,0.170262,-0.029972,-0.105498,0.042817,0.015430,-0.071921,0.020056,0.074665,0.026025
3358.000000,0.373982,0.187190,0.039522,-0.005212,-0.007088,0.008659,-0.123806,0.036489,0.129071,0.044905
3359.000000,0.411200,0.238192,0.121446,0.156436,-0.068707,0.006485,-0.020715,0.011061,0.023483,0.008192
3360.000000,0.403464,0.233449,0.025249,0.124822,-0.047996,0.008547,0.135248,-0.035802,0.139906,0.048651
3361.000000,0.352483,0.159499,-0.120194,-0.095510,0.046966,0.006589,0.128367,-0.041338,0.134859,0.046906
3362.000000,0.352230,0.152834,-0.103575,-0.186861,0.080051,0.014323,-0.041161,0.005864,0.041577,0.014501
3363.000000,0.391100,0.186704,0.028694,-0.054966,0.015038,0.011807,-0.164006,0.046869,0.170572,0.059220
3364.000000,0.430252,0.230865,0.126350,0.116388,-0.055502,0.005919,-0.110537,0.035321,0.116043,0.040394
3365.000000,0.437313,0.243101,0.070293,0.135855,-0.056657,0.006866,0.034713,-0.007520,0.035518,0.012389
3366.000000,0.394414,0.182745,-0.061966,-0.025327,0.016375,0.003607,0.080422,-0.026738,0.084750,0.029532
3367.000000,0.394422,0.185360,0.001572,0.011173,0.001104,-0.000935,0.076120,-0.019067,0.078472,0.027349
3368.000000,0.397025,0.190191,0.007365,0.047970,-0.021779,-0.003971,0.113631,-0.026416,0.116661,0.040608
3369.000000,0.355049,0.134352,-0.158726,-0.197121,0.077920,0.002319,0.003322,-0.009904,0.010446,0.003644
3370.000000,0.383025,0.173192,-0.011969,-0.104699,0.043087,0.007012,-0.157840,0.039950,0.162817,0.056552
3371.000000,0.433118,0.233877,0.147728,0.118249,-0.052055,0.001685,-0.126308,0.041058,0.132814,0.046199
3372.000000,0.423879,0.215633,0.034788,0.065877,-0.031434,0.000779,-0.027135,0.007569,0.028171,0.009827
3373.000000,0.409496,0.202904,0.016460,0.049605,-0.016935,-0.002173,0.036731,-0.010993,0.038341,0.013373
3374.000000,0.398635,0.194559,0.007399,0.043252,-0.014016,-0.004734,0.088806,-0.022741,0.091671,0.031937
3375.000000,0.390687,0.190750,-0.005317,0.048284,-0.019834,-0.006385,0.141497,-0.035214,0.145813,0.050690
3376.000000,0.352089,0.143974,-0.117221,-0.121271,0.048295,-0.004195,0.082287,-0.027186,0.086662,0.030196
3377.000000,0.352375,0.150709,-0.099024,-0.190273,0.078301,0.006605,-0.101184,0.020477,0.103235,0.035952
3378.000000,0.394365,0.197568,0.072689,-0.006582,-0.000920,0.003717,-0.193329,0.054739,0.200929,0.069628
3379.000000,0.438964,0.254933,0.154847,0.163661,-0.073032,0.002603,-0.085806,0.030163,0.090953,0.031688
3380.000000,0.444599,0.267877,0.060183,0.158518,-0.064963,0.007738,0.096210,-0.023785,0.099106,0.034519
3381.000000,0.389706,0.189343,-0.105465,-0.059413,0.032273,0.004807,0.129341,-0.041661,0.135885,0.047261
3382.000000,0.379612,0.171493,-0.090710,-0.148546,0.067068,0.007958,0.001970,-0.005191,0.005552,0.001937
3383.000000,0.406374,0.194771,0.014651,-0.051191,0.016650,0.005413,-0.100986,0.029563,0.105224,0.036642
3384.000000,0.447091,0.246628,0.116495,0.133671,-0.061377,0.001331,-0.034516,0.016061,0.038070,0.013278
3385.000000,0.433780,0.231756,0.011966,0.091051,-0.038778,0.001737,0.088537,-0.023885,0.091702,0.031948
3386.000000,0.394721,0.183132,-0.070393,-0.036156,0.020553,-0.001102,0.106302,-0.033180,0.111360,0.038770
3387.000000,0.376458,0.158804,-0.089744,-0.142485,0.062642,0.002323,-0.006200,-0.003259,0.007004,0.002444
3388.000000,0.395327,0.177917,-0.002390,-0.076116,0.028302,0.002619,-0.123117,0.033414,0.127571,0.044386
3389.000000,0.418211,0.204456,0.078855,0.047147,-0.024362,-0.002318,-0.126479,0.036954,0.131767,0.045837
3390.000000,0.425858,0.218919,0.075594,0.098180,-0.042317,-0.003440,-0.038521,0.012284,0.040432,0.014102
3391.000000,0.438690,0.250611,0.072417,0.163372,-0.064094,0.000129,0.116619,-0.027306,0.119773,0.041686
3392.000000,0.384710,0.176875,-0.104985,-0.051545,0.025101,-0.000587,0.157457,-0.046987,0.164318,0.057069
3393.000000,0.369446,0.160408,-0.102489,-0.148285,0.065153,0.003583,0.033840,-0.014100,0.036660,0.012787
3394.000000,0.393349,0.187546,0.004372,-0.049432,0.017676,0.002291,-0.067923,0.020016,0.070811,0.024684
3395.000000,0.395253,0.184345,0.007460,-0.026934,0.005094,-0.001658,-0.108823,0.028882,0.112590,0.039197
3396.000000,0.405996,0.203913,0.069726,0.062603,-0.026057,-0.005130,-0.079128,0.022339,0.082221,0.028653
3397.000000,0.402799,0.205401,0.048142,0.074327,-0.029368,-0.005916,-0.000163,0.001214,0.001225,0.000427
3398.000000,0.384437,0.186222,-0.001323,0.029769,-0.010817,-0.006919,0.054299,-0.014816,0.056284,0.019626
3399.000000,0.376866,0.185580,0.006840,0.043837,-0.016617,-0.008215,0.097745,-0.024485,0.100765,0.035095
3400.000000,0.346192,0.149535,-0.072577,-0.068232,0.026959,-0.007620,0.072209,-0.022148,0.075529,0.026325
3401.000000,0.334270,0.141404,-0.077089,-0.132284,0.054761,-0.002552,-0.048251,0.007986,0.048907,0.017056
3402.000000,0.358285,0.175074,0.042424,-0.003446,0.000965,-0.004074,-0.111787,0.031649,0.116181,0.040442
3403.000000,0.383841,0.212373,0.096914,0.117306,-0.051316,-0.004635,-0.034347,0.014398,0.037243,0.012990
3404.000000,0.356001,0.176143,-0.018688,0.015237,-0.007724,-0.004431,0.030199,-0.010432,0.031950,0.011145
3405.000000,0.339230,0.161758,-0.014554,-0.011494,0.008817,-0.005989,0.029528,-0.010023,0.031183,0.010877
3406.000000,0.337797,0.165253,0.012050,0.017313,-0.005136,-0.007513,0.035904,-0.008020,0.036789,0.012832
3407.000000,0.317367,0.139159,-0.049025,-0.060322,0.022182,-0.007051,0.003303,-0.002899,0.004395,0.001533
3408.000000,0.322425,0.154672,0.015534,0.004270,-0.001531,-0.008047,-0.021717,0.006199,0.022584,0.007878
3409.000000,0.321635,0.159566,0.023006,0.034270,-0.014570,-0.008666,0.003348,0.000393,0.003371,0.001176
3410.000000,0.293977,0.123905,-0.060283,-0.079951,0.031804,-0.006931,-0.034717,0.004844,0.035053,0.012227
3411.000000,0.296941,0.133581,0.001066,-0.042613,0.019771,-0.006095,-0.100523,0.025057,0.103599,0.036078
3412.000000,0.346297,0.208566,0.140955,0.169476,-0.069643,-0.004222,-0.006000,0.009944,0.011614,0.004052
3413.000000,0.338687,0.203574,0.018992,0.117663,-0.050628,0.002385,0.151410,-0.038165,0.156146,0.054254
3414.000000,0.286245,0.134868,-0.122209,-0.101611,0.046646,0.003026,0.137211,-0.044145,0.144138,0.050112
3415.000000,0.288015,0.139506,-0.067540,-0.121485,0.055108,0.007025,0.008377,-0.005402,0.009968,0.003477
3416.000000,0.304947,0.152524,-0.018825,-0.075258,0.026478,0.006601,-0.098233,0.027147,0.101915,0.035494
3417.000000,0.312218,0.153525,0.002159,-0.047664,0.012614,0.003596,-0.164845,0.043189,0.170409,0.059164
3418.000000,0.334988,0.185149,0.097993,0.077973,-0.032820,-0.000054,-0.134184,0.037908,0.139436,0.048488
3419.000000,0.354401,0.216811,0.101993,0.144615,-0.058622,0.002280,-0.000727,0.004254,0.004316,0.001506
3420.000000,0.343599,0.207440,0.020370,0.102050,-0.038988,0.004332,0.134620,-0.034834,0.139054,0.048356
3421.000000,0.312555,0.168621,-0.052912,0.002211,0.003732,0.002015,0.183143,-0.050641,0.190015,0.065893
3422.000000,0.290831,0.142248,-0.085005,-0.087010,0.038486,0.001777,0.125388,-0.036186,0.130505,0.045401
3423.000000,0.286988,0.138070,-0.099118,-0.157263,0.063345,0.007526,-0.020527,0.001322,0.020570,0.007176
3424.000000,0.308984,0.160544,-0.024082,-0.099322,0.035389,0.009145,-0.159583,0.041592,0.164914,0.057274
3425.000000,0.344602,0.201133,0.105236,0.069824,-0.033142,0.003584,-0.158107,0.046210,0.164722,0.057208
3426.000000,0.351074,0.206682,0.075187,0.090585,-0.039566,0.002364,-0.064617,0.018884,0.067320,0.023468
3427.000000,0.333269,0.182810,0.012454,0.033616,-0.011271,0.000394,-0.000072,-0.001710,0.001712,0.000597
3428.000000,0.332902,0.187189,0.034453,0.063676,-0.021996,-0.001934,0.058309,-0.013779,0.059915,0.020890
3429.000000,0.347429,0.215130,0.048825,0.136881,-0.054951,-0.000170,0.179757,-0.042331,0.184674,0.064063
3430.000000,0.289851,0.134912,-0.159005,-0.140472,0.058302,0.002483,0.148302,-0.046931,0.155551,0.054049
3431.000000,0.300385,0.150634,-0.136558,-0.244907,0.102232,0.019578,-0.080401,0.013285,0.081491,0.028399
3432.000000,0.368031,0.217476,0.094574,0.013158,-0.013096,0.014636,-0.184120,0.055555,0.192319,0.066682
3433.000000,0.409955,0.260250,0.135249,0.153373,-0.072305,0.011300,-0.074178,0.026604,0.078804,0.027464
3434.000000,0.393923,0.234986,0.017511,0.083426,-0.033185,0.009920,0.052877,-0.016114,0.055278,0.019275
3435.000000,0.361242,0.187151,-0.051502,-0.031975,0.020952,0.005121,0.069798,-0.023215,0.073557,0.025639
3436.000000,0.357906,0.178417,-0.019314,-0.034226,0.017831,0.001467,0.031869,-0.008347,0.032944,0.011491
3437.000000,0.353078,0.167051,-0.027942,-0.052013,0.018049,-0.000872,-0.018946,0.004916,0.019573,0.006828
3438.000000,0.352686,0.167847,-0.002878,-0.027751,0.008810,-0.003277,-0.061668,0.015544,0.063597,0.022172
3439.000000,0.354745,0.174339,0.030593,0.018512,-0.007345,-0.005810,-0.062089,0.016637,0.064279,0.022410
3440.000000,0.382577,0.222610,0.099772,0.151478,-0.061354,-0.004118,0.048460,-0.007019,0.048966,0.017076
3441.000000,0.354366,0.188557,-0.028384,0.047516,-0.019902,-0.002279,0.150572,-0.040559,0.155939,0.054183
3442.000000,0.311266,0.132749,-0.155222,-0.193608,0.083581,0.004439,0.042217,-0.020912,0.047112,0.016430
3443.000000,0.342155,0.169167,-0.019393,-0.107776,0.044524,0.009499,-0.119458,0.031381,0.123511,0.042980
3444.000000,0.387077,0.218115,0.112335,0.087884,-0.042517,0.003633,-0.109820,0.036209,0.115635,0.040252
3445.000000,0.379512,0.202343,0.029365,0.055620,-0.028032,0.001623,-0.031567,0.008380,0.032660,0.011392
3446.000000,0.368452,0.194223,0.022414,0.052456,-0.017829,-0.001146,0.029475,-0.009009,0.030821,0.010751
3447.000000,0.362763,0.192700,0.020010,0.062288,-0.021465,-0.003127,0.095658,-0.023796,0.098573,0.034334
3448.000000,0.331661,0.150622,-0.071816,-0.062312,0.025129,-0.003649,0.082556,-0.024512,0.086118,0.030007
3449.000000,0.320993,0.141419,-0.071358,-0.118360,0.048592,-0.000441,-0.025840,0.002830,0.025995,0.009068
3450.000000,0.337570,0.163897,0.015887,-0.030469,0.011533,-0.001609,-0.101071,0.027515,0.104749,0.036478
3451.000000,0.371310,0.212585,0.107459,0.128026,-0.054989,-0.002753,-0.028869,0.013743,0.031973,0.011153
3452.000000,0.342415,0.172533,-0.024589,0.012958,-0.007299,-0.002514,0.039105,-0.012742,0.041129,0.014345
3453.000000,0.321447,0.150254,-0.035311,-0.043381,0.021683,-0.003644,0.015891,-0.007806,0.017705,0.006176
3454.000000,0.321947,0.153807,0.004928,-0.014306,0.008298,-0.005066,-0.013844,0.004134,0.014448,0.005040
3455.000000,0.321249,0.153835,0.008650,0.004543,-0.003863,-0.006486,-0.017421,0.005886,0.018388,0.006415
3456.000000,0.319641,0.157656,0.019314,0.032511,-0.014944,-0.007403,0.006610,-0.000793,0.006657,0.002323
3457.000000,0.298764,0.134178,-0.029431,-0.031284,0.012616,-0.007260,0.000562,-0.002743,0.002800,0.000977
3458.000000,0.316908,0.170730,0.064167,0.089785,-0.034205,-0.007687,0.046681,-0.008559,0.047459,0.016551
3459.000000,0.296174,0.146415,-0.021400,0.018513,-0.009578,-0.006627,0.100823,-0.026471,0.104240,0.036301
3460.000000,0.261098,0.102900,-0.137597,-0.189127,0.078026,0.001582,-0.017844,-0.004063,0.018301,0.006384
3461.000000,0.287752,0.135954,-0.032876,-0.133036,0.053512,0.009754,-0.194180,0.049249,0.200328,0.069423
3462.000000,0.345197,0.203159,0.152678,0.111755,-0.051382,0.005006,-0.179812,0.055472,0.188174,0.065263
3463.000000,0.406268,0.289041,0.164944,0.255389,-0.109712,0.016718,0.043353,-0.002844,0.043446,0.015153
3464.000000,0.368315,0.237182,-0.044213,0.090169,-0.027149,0.019236,0.221087,-0.063670,0.230072,0.079560
3465.000000,0.329745,0.176990,-0.113142,-0.069047,0.042694,0.013519,0.215131,-0.063039,0.224177,0.077556
3466.000000,0.326782,0.159991,-0.142925,-0.209113,0.089730,0.021002,0.042184,-0.016488,0.045292,0.015796
3467.000000,0.367822,0.191409,-0.052961,-0.160083,0.054133,0.025568,-0.160876,0.043006,0.166525,0.057828
3468.000000,0.422859,0.243722,0.132218,0.076740,-0.042677,0.014689,-0.182152,0.054610,0.190162,0.065944
3469.000000,0.426917,0.237503,0.075637,0.081262,-0.037128,0.009349,-0.091335,0.024803,0.094643,0.032969
3470.000000,0.409458,0.209392,0.019510,0.027535,-0.007159,0.004015,-0.035086,0.007010,0.035779,0.012480
3471.000000,0.435382,0.250075,0.093880,0.149317,-0.056315,0.001906,0.077916,-0.014982,0.079343,0.027652
3472.000000,0.401350,0.199992,-0.056954,0.012320,-0.005686,0.000347,0.155227,-0.042278,0.160881,0.055886
3473.000000,0.368761,0.159597,-0.128022,-0.152661,0.065031,0.002968,0.058176,-0.022675,0.062439,0.021769
3474.000000,0.391772,0.190245,0.000852,-0.048158,0.020592,0.002049,-0.044810,0.012812,0.046606,0.016254
3475.000000,0.411300,0.213196,0.055383,0.058981,-0.028235,-0.002605,-0.027335,0.011535,0.029669,0.010349
3476.000000,0.407714,0.212440,0.025182,0.073645,-0.033296,-0.003971,0.049580,-0.011732,0.050949,0.017767
3477.000000,0.366537,0.159339,-0.085228,-0.088753,0.038098,-0.003852,0.023938,-0.012840,0.027164,0.009476
3478.000000,0.361021,0.153943,-0.056417,-0.135196,0.059009,0.001197,-0.107851,0.023839,0.110454,0.038456
3479.000000,0.402285,0.204860,0.106976,0.061370,-0.026558,-0.002711,-0.129027,0.039980,0.135079,0.046983
3480.000000,0.445493,0.267030,0.130884,0.199633,-0.087491,0.002610,0.033615,-0.000890,0.033627,0.011729
3481.000000,0.388006,0.184860,-0.097156,-0.040782,0.018681,0.002542,0.098503,-0.033522,0.104051,0.036235
3482.000000,0.368605,0.157612,-0.110638,-0.184024,0.083221,0.009000,-0.043824,0.003282,0.043947,0.015327
3483.000000,0.418289,0.210343,0.087763,0.024264,-0.011395,0.004513,-0.112491,0.036134,0.118152,0.041124
3484.000000,0.500017,0.319136,0.173901,0.274342,-0.119897,0.012116,0.082614,-0.009371,0.083144,0.028973
3485.000000,0.442328,0.234490,-0.110359,0.035450,-0.009575,0.013578,0.232770,-0.068777,0.242718,0.083849
3486.000000,0.407279,0.177632,-0.208198,-0.253355,0.119396,0.021854,0.078163,-0.034341,0.085374,0.029749
3487.000000,0.469160,0.225126,-0.005547,-0.121437,0.045453,0.025465,-0.120001,0.035501,0.125142,0.043545
3488.000000,0.503571,0.240163,0.075884,0.008601,-0.018436,0.013408,-0.169414,0.050302,0.176724,0.061334
3489.000000,0.515316,0.248980,0.091588,0.081388,-0.039170,0.005417,-0.110106,0.030463,0.114242,0.039770
3490.000000,0.512206,0.249764,0.064671,0.097357,-0.036118,0.001306,-0.006894,0.001957,0.007166,0.002500
3491.000000,0.498102,0.234987,0.014594,0.070176,-0.024296,-0.002175,0.085288,-0.021848,0.088042,0.030676
3492.000000,0.466947,0.194855,-0.058858,-0.031604,0.013814,-0.005378,0.096553,-0.027458,0.100381,0.034962
3493.000000,0.449791,0.179564,-0.059381,-0.080057,0.032960,-0.005999,0.028151,-0.010121,0.029915,0.010435
3494.000000,0.447373,0.182929,-0.021821,-0.062356,0.024908,-0.006618,-0.050811,0.012181,0.052251,0.018221
3495.000000,0.460347,0.207454,0.053708,0.043102,-0.018691,-0.009823,-0.050680,0.016085,0.053171,0.018541
3496.000000,0.461252,0.218050,0.045980,0.084076,-0.036557,-0.010219,0.025903,-0.004300,0.026257,0.009160
3497.000000,0.431981,0.188367,-0.029413,0.006552,-0.002815,-0.010674,0.069357,-0.020410,0.072298,0.025201
3498.000000,0.403549,0.160206,-0.065865,-0.087007,0.038275,-0.009311,0.013880,-0.008186,0.016114,0.005622
3499.000000,0.415024,0.184621,0.028881,0.008404,-0.001833,-0.010687,-0.020717,0.007571,0.022057,0.007695
3500.000000,0.404814,0.174898,-0.002822,-0.004590,-0.001482,-0.011650,-0.019972,0.005620,0.020748,0.007238
3501.000000,0.380753,0.148880,-0.052262,-0.091354,0.036476,-0.009690,-0.083744,0.017093,0.085471,0.029782
3502.000000,0.398338,0.183009,0.071287,0.038033,-0.011941,-0.011160,-0.100610,0.028226,0.104494,0.036389
3503.000000,0.414395,0.212246,0.086109,0.116496,-0.048871,-0.009528,-0.004621,0.006064,0.007624,0.002660
3504.000000,0.408977,0.216205,0.028610,0.112229,-0.047501,-0.005636,0.124884,-0.030724,0.128608,0.044745
3505.000000,0.363453,0.162589,-0.086005,-0.045045,0.020765,-0.005574,0.146635,-0.043404,0.152924,0.053144
3506.000000,0.342565,0.141502,-0.124869,-0.189430,0.081900,0.003349,-0.001467,-0.006919,0.007073,0.002468
3507.000000,0.377539,0.182267,0.018252,-0.055064,0.020010,0.004082,-0.125921,0.035753,0.130898,0.045537
3508.000000,0.420808,0.236879,0.125435,0.134502,-0.061720,0.000788,-0.060604,0.023484,0.064995,0.022659
3509.000000,0.409095,0.222782,0.020864,0.089121,-0.038991,0.001811,0.061580,-0.016566,0.063769,0.022232
3510.000000,0.368633,0.170435,-0.071394,-0.054857,0.027978,-0.000305,0.065857,-0.023449,0.069907,0.024369
3511.000000,0.355837,0.151298,-0.076161,-0.144016,0.063339,0.003850,-0.056221,0.010085,0.057118,0.019916
3512.000000,0.387979,0.186710,0.057145,0.000890,-0.003060,0.000617,-0.122151,0.036366,0.127449,0.044344
3513.000000,0.425019,0.237172,0.119395,0.152152,-0.068252,0.000260,-0.019191,0.012005,0.022637,0.007897
3514.000000,0.404589,0.214129,-0.000737,0.079715,-0.033024,0.001731,0.104780,-0.029037,0.108729,0.037858
3515.000000,0.367161,0.168375,-0.070907,-0.043691,0.024161,-0.000616,0.112188,-0.034580,0.117396,0.040863
3516.000000,0.352513,0.149180,-0.081578,-0.129342,0.056673,0.002303,0.004971,-0.005225,0.007212,0.002516
3517.000000,0.372853,0.172354,0.009627,-0.039959,0.013465,0.000753,-0.081669,0.023631,0.085019,0.029625
3518.000000,0.393771,0.200324,0.070951,0.075123,-0.035446,-0.002800,-0.049489,0.017119,0.052366,0.018261
3519.000000,0.376142,0.179078,0.001523,0.026325,-0.012451,-0.004157,0.003014,-0.002289,0.003785,0.001320
3520.000000,0.353913,0.154415,-0.026848,-0.034758,0.017469,-0.005397,-0.008237,-0.001233,0.008329,0.002906
3521.000000,0.351196,0.154680,0.006636,-0.016118,0.009292,-0.006669,-0.035240,0.009229,0.036428,0.012706
3522.000000,0.375444,0.194248,0.079812,0.110098,-0.046170,-0.006954,0.031511,-0.002571,0.031616,0.011028
3523.000000,0.341926,0.150697,-0.051142,-0.018585,0.004339,-0.006255,0.070014,-0.021081,0.073119,0.025487
3524.000000,0.319325,0.129139,-0.071345,-0.104049,0.045395,-0.003727,-0.008603,-0.003257,0.009199,0.003209
3525.000000,0.344633,0.168439,0.056650,0.039941,-0.013979,-0.005708,-0.029841,0.011494,0.031978,0.011154
3526.000000,0.343514,0.167536,0.021884,0.048417,-0.023831,-0.006227,0.021274,-0.003096,0.021498,0.007500
3527.000000,0.320647,0.142537,-0.031406,-0.017749,0.005750,-0.006556,0.031776,-0.010898,0.033593,0.011718
3528.000000,0.301187,0.122593,-0.053114,-0.087844,0.038493,-0.004581,-0.035613,0.004850,0.035942,0.012536
3529.000000,0.314788,0.144124,0.029302,-0.002734,0.003049,-0.005482,-0.078163,0.022033,0.081209,0.028301
3530.000000,0.324633,0.158565,0.050278,0.056204,-0.025436,-0.006404,-0.041600,0.014107,0.043927,0.015320
3531.000000,0.321890,0.161579,0.033793,0.068482,-0.029839,-0.005633,0.030565,-0.006699,0.031291,0.010915
3532.000000,0.301535,0.142309,-0.011531,0.017422,-0.005761,-0.005580,0.074055,-0.020961,0.076964,0.026824
3533.000000,0.279932,0.119100,-0.046470,-0.053000,0.023944,-0.005067,0.046441,-0.014945,0.048786,0.017014
3534.000000,0.277795,0.120931,-0.021282,-0.044100,0.018737,-0.004641,-0.007773,0.001563,0.007929,0.002766
3535.000000,0.279306,0.125327,-0.001941,-0.018094,0.005579,-0.005236,-0.040384,0.011086,0.041878,0.014606
3536.000000,0.283049,0.135210,0.025981,0.028072,-0.012700,-0.006153,-0.029853,0.008980,0.031174,0.010874
3537.000000,0.277224,0.132880,0.016675,0.030775,-0.012832,-0.006260,0.003871,-0.000743,0.003942,0.001375
3538.000000,0.267414,0.126153,0.004877,0.018938,-0.006872,-0.006295,0.030901,-0.008311,0.031999,0.011162
3539.000000,0.249408,0.105697,-0.033288,-0.041312,0.017361,-0.005627,0.011815,-0.005211,0.012913,0.004505
3540.000000,0.239526,0.095318,-0.045441,-0.084345,0.034895,-0.003167,-0.064152,0.013928,0.065647,0.022886
3541.000000,0.267073,0.136631,0.069316,0.060873,-0.024563,-0.004469,-0.062129,0.020302,0.065362,0.022787
3542.000000,0.282441,0.162839,0.069965,0.121439,-0.052440,-0.001359,0.047850,-0.008120,0.048534,0.016926
3543.000000,0.243036,0.110966,-0.061859,-0.037932,0.015742,-0.000390,0.078447,-0.025313,0.082430,0.028725
3544.000000,0.231631,0.101660,-0.044715,-0.073951,0.034944,0.000695,0.011047,-0.006294,0.012714,0.004436
3545.000000,0.249280,0.125804,0.029588,0.018603,-0.007048,-0.001133,-0.010624,0.005941,0.012172,0.004247
3546.000000,0.243326,0.116073,-0.006520,0.001009,-0.004686,-0.002163,-0.001322,0.000994,0.001654,0.000577
3547.000000,0.233147,0.106974,-0.013955,-0.017082,0.006225,-0.002827,-0.012363,0.001453,0.012448,0.004343
3548.000000,0.225139,0.099502,-0.014214,-0.032342,0.014931,-0.002936,-0.042100,0.009231,0.043100,0.015032
3549.000000,0.224568,0.099135,-0.001192,-0.022822,0.010049,-0.003205,-0.072502,0.018729,0.074882,0.026100
3550.000000,0.243284,0.128117,0.065366,0.075109,-0.031115,-0.003671,-0.032406,0.012255,0.034646,0.012085
3551.000000,0.261636,0.163073,0.077733,0.145805,-0.060760,0.001274,0.100470,-0.021727,0.102792,0.035799
3552.000000,0.222790,0.115269,-0.051745,-0.002801,0.003248,0.002515,0.165918,-0.047214,0.172505,0.059885
3553.000000,0.193876,0.078208,-0.147669,-0.210655,0.091832,0.012404,0.022637,-0.015221,0.027278,0.009516
3554.000000,0.232937,0.119619,-0.041675,-0.134269,0.051021,0.020031,-0.164264,0.043729,0.169985,0.059018
3555.000000,0.286543,0.175348,0.114792,0.083984,-0.044527,0.013332,-0.168849,0.052248,0.176748,0.061342
3556.000000,0.331393,0.236218,0.140676,0.208207,-0.090743,0.018665,0.010256,0.003707,0.010905,0.003805
3557.000000,0.299089,0.192523,-0.019706,0.070263,-0.020758,0.018724,0.153190,-0.045024,0.159669,0.055468
3558.000000,0.264379,0.136942,-0.094970,-0.091200,0.048682,0.015174,0.123546,-0.038809,0.129498,0.045053
3559.000000,0.272548,0.136224,-0.055680,-0.102837,0.043932,0.014923,0.011915,-0.003742,0.012489,0.004357
3560.000000,0.284231,0.138771,-0.039472,-0.093843,0.030985,0.013278,-0.098408,0.025967,0.101776,0.035446
3561.000000,0.295966,0.145257,0.004341,-0.048036,0.013306,0.009302,-0.173610,0.045198,0.179397,0.062252
3562.000000,0.356034,0.230820,0.178335,0.196771,-0.081652,0.008769,-0.062870,0.024765,0.067572,0.023556
3563.000000,0.360812,0.239595,0.050621,0.158766,-0.062939,0.015602,0.134314,-0.033686,0.138474,0.048156
3564.000000,0.310509,0.164539,-0.101939,-0.048477,0.028587,0.011950,0.174498,-0.052900,0.182340,0.063262
3565.000000,0.301870,0.147515,-0.086813,-0.121024,0.056196,0.012352,0.070151,-0.022401,0.073641,0.025668
3566.000000,0.313984,0.151228,-0.066915,-0.139107,0.052807,0.014969,-0.079005,0.019626,0.081406,0.028369
3567.000000,0.346610,0.183104,0.048975,0.002700,-0.008438,0.008976,-0.141072,0.040563,0.146788,0.051027
3568.000000,0.351558,0.182431,0.050330,0.036261,-0.019096,0.003881,-0.115085,0.031090,0.119211,0.041491
3569.000000,0.374513,0.220241,0.105687,0.142986,-0.056750,0.003367,-0.001998,0.004401,0.004833,0.001686
3570.000000,0.368229,0.216709,0.027481,0.114164,-0.043672,0.005310,0.140670,-0.035707,0.145131,0.050455
3571.000000,0.316634,0.140953,-0.139337,-0.137951,0.061099,0.006271,0.100357,-0.034575,0.106146,0.036962
3572.000000,0.329204,0.154503,-0.064828,-0.142064,0.060307,0.011714,-0.058773,0.012660,0.060121,0.020962
3573.000000,0.370648,0.197626,0.074639,0.037709,-0.020766,0.005846,-0.098873,0.031911,0.103895,0.036181
3574.000000,0.403272,0.240736,0.101962,0.160729,-0.071543,0.006150,0.026749,-0.001061,0.026770,0.009338
3575.000000,0.369026,0.195501,-0.038021,0.036908,-0.012762,0.005265,0.125799,-0.037032,0.131136,0.045619
3576.000000,0.330773,0.139223,-0.146832,-0.196823,0.088336,0.010828,0.010470,-0.012837,0.016565,0.005779
3577.000000,0.367051,0.172659,-0.004714,-0.104172,0.041239,0.014113,-0.150042,0.041008,0.155545,0.054047
3578.000000,0.444132,0.264318,0.188309,0.191055,-0.087486,0.010061,-0.069045,0.030175,0.075351,0.026263
3579.000000,0.444007,0.260567,0.030816,0.144633,-0.062012,0.014606,0.116170,-0.030365,0.120073,0.041790
3580.000000,0.382139,0.164760,-0.168903,-0.165444,0.078574,0.014176,0.071471,-0.031645,0.078163,0.027242
3581.000000,0.409588,0.185713,-0.023571,-0.111891,0.050774,0.016014,-0.080032,0.020924,0.082722,0.028827
3582.000000,0.454723,0.225924,0.101291,0.069536,-0.036511,0.007585,-0.084701,0.030526,0.090034,0.031368
3583.000000,0.455508,0.221188,0.038459,0.077715,-0.039038,0.003896,-0.000083,0.001471,0.001473,0.000514
3584.000000,0.431855,0.195302,-0.012877,0.026445,-0.007591,0.000014,0.053680,-0.017377,0.056423,0.019674
3585.000000,0.418173,0.183039,-0.008551,0.013372,-0.000106,-0.003659,0.074904,-0.020283,0.077602,0.027046
3586.000000,0.402031,0.163624,-0.036592,-0.032150,0.012938,-0.005649,0.059498,-0.016011,0.061615,0.021482
3587.000000,0.385876,0.146976,-0.061638,-0.094436,0.036669,-0.004589,-0.018883,0.001843,0.018973,0.006619
3588.000000,0.393781,0.163971,0.012000,-0.025408,0.010294,-0.005844,-0.079706,0.020925,0.082407,0.028717
3589.000000,0.410504,0.192833,0.073103,0.080744,-0.033797,-0.007696,-0.037093,0.013496,0.039472,0.013767
3590.000000,0.388640,0.166582,-0.009756,0.010469,-0.006036,-0.007964,0.007294,-0.003237,0.007980,0.002784
3591.000000,0.360766,0.134052,-0.061793,-0.098805,0.042415,-0.006017,-0.054447,0.008773,0.055149,0.019230
3592.000000,0.389075,0.180048,0.084455,0.064910,-0.023408,-0.008051,-0.056488,0.018992,0.059595,0.020779
3593.000000,0.402602,0.203655,0.065662,0.120514,-0.052822,-0.005627,0.054700,-0.009327,0.055489,0.019349
3594.000000,0.365090,0.158437,-0.055914,-0.010112,0.002942,-0.005221,0.103770,-0.030781,0.108239,0.037688
3595.000000,0.346429,0.144630,-0.044983,-0.049306,0.024276,-0.005579,0.065962,-0.020404,0.069046,0.024069
3596.000000,0.343696,0.146267,-0.019662,-0.035737,0.015656,-0.006050,0.019127,-0.004861,0.019735,0.006885
3597.000000,0.336973,0.140127,-0.028066,-0.048393,0.017051,-0.006241,-0.029987,0.007211,0.030842,0.010758
3598.000000,0.330702,0.135903,-0.020168,-0.055899,0.021422,-0.005950,-0.090096,0.021531,0.092633,0.032271
3599.000000,0.327735,0.133574,-0.001240,-0.051439,0.021539,-0.005661,-0.150799,0.037508,0.155394,0.053995
3600.000000,0.383039,0.219279,0.168798,0.186340,-0.075676,-0.003655,-0.048922,0.021404,0.053399,0.018621
3601.000000,0.395761,0.245499,0.059687,0.181672,-0.075285,0.007488,0.158907,-0.038077,0.163405,0.056755
3602.000000,0.329354,0.150956,-0.153776,-0.112698,0.053523,0.007638,0.166628,-0.053711,0.175071,0.060766
3603.000000,0.333714,0.152122,-0.120613,-0.212134,0.093387,0.019087,-0.027869,0.000775,0.027880,0.009725
3604.000000,0.387115,0.199345,0.050682,-0.026171,0.002852,0.014966,-0.143070,0.043734,0.149605,0.051999
3605.000000,0.456475,0.284212,0.169935,0.219641,-0.099760,0.014208,-0.007154,0.012302,0.014231,0.004965
3606.000000,0.413246,0.217368,-0.058726,0.030819,-0.010126,0.012988,0.114989,-0.036548,0.120657,0.041992
3607.000000,0.378438,0.158635,-0.150114,-0.207511,0.095676,0.017323,-0.010133,-0.008479,0.013213,0.004609
3608.000000,0.427073,0.199696,0.045846,-0.048936,0.018474,0.014976,-0.138599,0.041290,0.144619,0.050278
3609.000000,0.469067,0.239312,0.121963,0.112857,-0.056456,0.007815,-0.084797,0.030362,0.090069,0.031380
3610.000000,0.470296,0.241001,0.047956,0.118266,-0.051875,0.006987,0.046982,-0.011545,0.048380,0.016872
3611.000000,0.447606,0.218552,-0.012185,0.072102,-0.022482,0.003817,0.149974,-0.041743,0.155675,0.054092
3612.000000,0.409096,0.165660,-0.100024,-0.083541,0.040260,0.001547,0.126907,-0.038079,0.132497,0.046090
3613.000000,0.406738,0.163097,-0.069309,-0.114453,0.047513,0.003141,0.011273,-0.004929,0.012303,0.004292
3614.000000,0.414021,0.169154,-0.034456,-0.101256,0.036514,0.003530,-0.109508,0.027818,0.112986,0.039334
3615.000000,0.422902,0.176533,0.020001,-0.050002,0.016194,0.000566,-0.189815,0.049289,0.196110,0.067980
3616.000000,0.448174,0.213081,0.123271,0.090418,-0.037279,-0.003591,-0.151959,0.043552,0.158077,0.054920
3617.000000,0.497087,0.292020,0.154857,0.234659,-0.096536,0.004660,0.047487,-0.004496,0.047699,0.016635
3618.000000,0.473269,0.266152,-0.025873,0.130687,-0.047676,0.010094,0.243155,-0.065443,0.251808,0.086924
3619.000000,0.414031,0.180923,-0.185120,-0.144757,0.070393,0.008823,0.205369,-0.063686,0.215017,0.074437
3620.000000,0.430570,0.195706,-0.112621,-0.189208,0.080791,0.017214,0.011145,-0.006664,0.012985,0.004530
3621.000000,0.467173,0.223382,0.001560,-0.081394,0.023479,0.013774,-0.130494,0.037301,0.135720,0.047204
3622.000000,0.475476,0.219286,0.032868,-0.037417,0.006148,0.005763,-0.192687,0.050674,0.199239,0.069051
3623.000000,0.497211,0.249752,0.129736,0.094428,-0.038630,-0.000781,-0.146169,0.041069,0.151829,0.052766
3624.000000,0.517651,0.284483,0.114893,0.163098,-0.065325,0.000323,0.007191,0.002580,0.007640,0.002665
3625.000000,0.489511,0.248327,-0.019681,0.064203,-0.023776,-0.000805,0.125755,-0.034333,0.130357,0.045350
3626.000000,0.458125,0.211118,-0.066058,-0.021992,0.012569,-0.004760,0.140737,-0.039667,0.146220,0.050831
3627.000000,0.445951,0.202677,-0.047225,-0.031003,0.013412,-0.007567,0.109860,-0.029178,0.113669,0.039571
3628.000000,0.426769,0.184514,-0.080694,-0.100296,0.038714,-0.006848,0.028209,-0.010446,0.030081,0.010493
3629.000000,0.421464,0.183639,-0.064866,-0.140791,0.056096,-0.002099,-0.112594,0.025112,0.115360,0.040157
3630.000000,0.446953,0.217959,0.076923,0.006860,-0.003501,-0.005466,-0.173205,0.047753,0.179667,0.062345
3631.000000,0.468008,0.249226,0.118079,0.112207,-0.048214,-0.007313,-0.094539,0.029314,0.098979,0.034475
3632.000000,0.460874,0.246540,0.048341,0.097118,-0.040282,-0.006205,0.022688,-0.005100,0.023254,0.008112
3633.000000,0.429813,0.211785,-0.027193,0.011729,-0.001671,-0.007869,0.075585,-0.022484,0.078858,0.027483
3634.000000,0.433758,0.229912,0.026580,0.085325,-0.031948,-0.009689,0.138668,-0.033137,0.142572,0.049572
3635.000000,0.391232,0.176817,-0.107107,-0.081072,0.030618,-0.009045,0.123850,-0.036143,0.129016,0.044886
3636.000000,0.377668,0.169566,-0.128914,-0.210443,0.086669,0.002496,-0.054637,0.006424,0.055013,0.019183
3637.000000,0.418881,0.219011,0.057184,-0.029924,0.010101,0.001681,-0.171921,0.048071,0.178515,0.061949
3638.000000,0.462649,0.274843,0.150298,0.152678,-0.068146,-0.000936,-0.082751,0.029380,0.087812,0.030596
3639.000000,0.442297,0.246270,0.011380,0.068741,-0.029778,-0.000728,0.034158,-0.010549,0.035750,0.012470
3640.000000,0.405855,0.199062,-0.057421,-0.052642,0.027090,-0.003449,0.030551,-0.013552,0.033422,0.011658
3641.000000,0.416694,0.218370,0.037430,0.038016,-0.011364,-0.007223,0.031756,-0.005493,0.032228,0.011241
3642.000000,0.405053,0.203387,-0.011826,0.014083,-0.009718,-0.009143,0.058924,-0.014020,0.060569,0.021118
3643.000000,0.375747,0.170752,-0.077087,-0.092877,0.035917,-0.008164,0.003028,-0.005719,0.006471,0.002258
3644.000000,0.377892,0.182956,-0.000682,-0.043655,0.020567,-0.008102,-0.069373,0.016731,0.071362,0.024875
3645.000000,0.395779,0.211891,0.072473,0.069711,-0.028422,-0.010068,-0.042711,0.015253,0.045353,0.015817
3646.000000,0.397899,0.221411,0.044648,0.098082,-0.043252,-0.008430,0.055613,-0.011551,0.056800,0.019805
3647.000000,0.369291,0.192098,-0.031189,0.022352,-0.009179,-0.008210,0.116246,-0.032497,0.120703,0.042008
3648.000000,0.330781,0.145391,-0.135835,-0.184568,0.079339,-0.000871,0.002519,-0.009540,0.009867,0.003442
3649.000000,0.358799,0.180391,0.000512,-0.086319,0.035794,0.002963,-0.140688,0.037467,0.145592,0.050614
3650.000000,0.390989,0.215527,0.099701,0.064699,-0.031926,-0.001784,-0.136920,0.041491,0.143068,0.049743
3651.000000,0.404600,0.235786,0.086894,0.121595,-0.053860,-0.001232,-0.025065,0.009742,0.026892,0.009381
3652.000000,0.392597,0.228153,0.024931,0.096916,-0.036854,-0.000392,0.096326,-0.025749,0.099708,0.034728
3653.000000,0.359747,0.187576,-0.051602,-0.006379,0.007589,-0.002547,0.136870,-0.038783,0.142259,0.049463
3654.000000,0.336020,0.157402,-0.094319,-0.120607,0.051738,-0.000610,0.052754,-0.018071,0.055763,0.019444
3655.000000,0.353673,0.182138,0.002800,-0.028405,0.010096,-0.002093,-0.022132,0.007644,0.023415,0.008168
3656.000000,0.356436,0.185844,0.013555,0.011766,-0.008891,-0.005071,-0.027322,0.008475,0.028606,0.009979
3657.000000,0.335435,0.158832,-0.038692,-0.060297,0.023192,-0.005616,-0.062505,0.012566,0.063756,0.022228
3658.000000,0.361307,0.204232,0.092532,0.097227,-0.036403,-0.007415,-0.024929,0.010439,0.027026,0.009428
3659.000000,0.339023,0.173285,-0.013548,0.010382,-0.005961,-0.007133,0.027019,-0.007736,0.028105,0.009804
3660.000000,0.310276,0.136927,-0.081495,-0.121597,0.050450,-0.004005,-0.050020,0.007045,0.050514,0.017615
3661.000000,0.332023,0.169784,0.049314,0.003691,0.001027,-0.005192,-0.103879,0.029028,0.107859,0.037556
3662.000000,0.376267,0.234718,0.130864,0.175852,-0.074675,-0.002379,0.016232,0.004053,0.016730,0.005837
3663.000000,0.348171,0.198630,-0.025207,0.059788,-0.026224,0.000740,0.137785,-0.037823,0.142882,0.049679
3664.000000,0.307207,0.147411,-0.107510,-0.108344,0.050046,0.001348,0.092400,-0.031656,0.097672,0.034021
3665.000000,0.315781,0.159536,-0.029813,-0.074377,0.034027,0.002242,-0.007802,0.001470,0.007939,0.002770
3666.000000,0.325913,0.167055,0.002140,-0.026847,0.006760,-0.000403,-0.060226,0.017772,0.062793,0.021893
3667.000000,0.331922,0.175602,0.031088,0.027921,-0.015132,-0.003385,-0.053808,0.015411,0.055971,0.019517
3668.000000,0.333424,0.184058,0.043931,0.068266,-0.027770,-0.004517,0.005094,-0.000242,0.005100,0.001779
3669.000000,0.308132,0.152205,-0.027930,-0.017000,0.008317,-0.005079,0.025221,-0.009207,0.026849,0.009366
3670.000000,0.290252,0.130066,-0.053569,-0.092153,0.039707,-0.003274,-0.044704,0.007900,0.045397,0.015832
3671.000000,0.312655,0.162598,0.055553,0.032591,-0.012576,-0.005155,-0.065422,0.020415,0.068533,0.023891
3672.000000,0.322691,0.178346,0.055703,0.085340,-0.038171,-0.004880,0.007146,0.001734,0.007353,0.002565
3673.000000,0.304187,0.159296,-0.005539,0.034989,-0.015212,-0.004450,0.070255,-0.019492,0.072909,0.025414
3674.000000,0.278363,0.130758,-0.048317,-0.047786,0.022326,-0.004405,0.054282,-0.017858,0.057144,0.019925
3675.000000,0.271143,0.124849,-0.037024,-0.068543,0.030138,-0.003205,-0.013983,0.001858,0.014106,0.004921
3676.000000,0.300909,0.169068,0.071308,0.084471,-0.035622,-0.004687,0.011278,0.002545,0.011562,0.004033
3677.000000,0.272837,0.129244,-0.048726,-0.033266,0.009221,-0.004223,0.027969,-0.009897,0.029668,0.010349
3678.000000,0.255561,0.111739,-0.065411,-0.108062,0.046108,-0.001180,-0.060157,0.010218,0.061019,0.021275
3679.000000,0.278242,0.143542,0.048396,0.012823,-0.002790,-0.002638,-0.101540,0.028920,0.105578,0.036765
3680.000000,0.298521,0.170684,0.078549,0.098841,-0.043305,-0.002634,-0.028987,0.012607,0.031610,0.011026
3681.000000,0.295099,0.172003,0.034616,0.093121,-0.039963,-0.000265,0.079429,-0.019439,0.081773,0.028497
3682.000000,0.256222,0.122472,-0.069554,-0.056411,0.026047,-0.000142,0.084457,-0.027527,0.088830,0.030950
3683.000000,0.248284,0.115063,-0.053590,-0.093474,0.042446,0.001926,-0.004596,-0.001873,0.004963,0.001731
3684.000000,0.267726,0.138572,0.023165,-0.000209,-0.001267,-0.000046,-0.047952,0.015590,0.050423,0.017584
3685.000000,0.286626,0.165690,0.062154,0.093082,-0.042223,-0.000857,0.014708,0.000553,0.014718,0.005135
3686.000000,0.260051,0.131862,-0.031050,-0.002551,-0.000243,-0.000962,0.056065,-0.017575,0.058755,0.020486
3687.000000,0.236799,0.103780,-0.071642,-0.105084,0.046703,0.001200,-0.015893,-0.001428,0.015957,0.005567
3688.000000,0.245797,0.113072,-0.022453,-0.081900,0.034647,0.003276,-0.119516,0.030494,0.123345,0.042923
3689.000000,0.276142,0.149098,0.077246,0.056742,-0.026486,0.000353,-0.119027,0.036114,0.124385,0.043283
3690.000000,0.316775,0.211072,0.127336,0.193164,-0.082619,0.006281,0.037214,-0.002791,0.037319,0.013016
3691.000000,0.288751,0.179167,-0.014716,0.078905,-0.028445,0.009664,0.179252,-0.049766,0.186032,0.064528
3692.000000,0.245436,0.118885,-0.120624,-0.123139,0.059554,0.010014,0.132243,-0.042586,0.138931,0.048314
3693.000000,0.257677,0.129430,-0.064993,-0.125852,0.054032,0.013824,-0.009505,0.000983,0.009556,0.003334
3694.000000,0.278931,0.144765,-0.014289,-0.066467,0.019752,0.011564,-0.112070,0.031321,0.116364,0.040505
3695.000000,0.297834,0.163430,0.050234,0.029586,-0.018041,0.006143,-0.122519,0.034404,0.127258,0.044277
3696.000000,0.303617,0.170781,0.059886,0.069600,-0.029219,0.003392,-0.061775,0.017350,0.064165,0.022370
3697.000000,0.289787,0.151452,0.012707,0.025128,-0.008134,0.001402,-0.012637,0.002234,0.012833,0.004477
3698.000000,0.306919,0.182220,0.071608,0.116961,-0.044590,0.000861,0.077678,-0.016287,0.079367,0.027660
3699.000000,0.290134,0.162835,-0.010163,0.057531,-0.023420,0.001499,0.170435,-0.044117,0.176052,0.061103
3700.000000,0.247138,0.105309,-0.155461,-0.186214,0.078950,0.007422,0.071427,-0.027939,0.076697,0.026731
3701.000000,0.275073,0.139968,-0.046390,-0.127535,0.052438,0.013949,-0.100120,0.024965,0.103186,0.035935
3702.000000,0.317870,0.184245,0.084742,0.054497,-0.028619,0.007970,-0.122005,0.038360,0.127893,0.044497
3703.000000,0.320093,0.179961,0.044064,0.060884,-0.030746,0.005114,-0.055537,0.015992,0.057794,0.020152
3704.000000,0.308996,0.167725,0.021173,0.042391,-0.015218,0.002491,0.001207,-0.001777,0.002148,0.000749
3705.000000,0.302641,0.162735,0.020449,0.043316,-0.013432,0.000069,0.049936,-0.012744,0.051537,0.017972
3706.000000,0.292369,0.150172,-0.005452,0.019553,-0.007245,-0.001697,0.083134,-0.021099,0.085770,0.029886
3707.000000,0.267930,0.118115,-0.072224,-0.086948,0.034475,-0.000954,0.033616,-0.012484,0.035859,0.012508
3708.000000,0.277127,0.135904,0.001375,-0.020410,0.009144,-0.001965,-0.020337,0.005570,0.021086,0.007356
3709.000000,0.272385,0.128633,-0.012494,-0.028754,0.009953,-0.003026,-0.049161,0.012456,0.050714,0.017685
3710.000000,0.267823,0.123442,-0.007738,-0.031853,0.012136,-0.003680,-0.083974,0.020733,0.086496,0.030139
3711.000000,0.314493,0.197943,0.135403,0.174429,-0.070473,-0.001515,0.018851,0.002468,0.019012,0.006632
3712.000000,0.285295,0.159106,-0.024826,0.042434,-0.018254,0.001640,0.128046,-0.035092,0.132768,0.046183
3713.000000,0.245684,0.105405,-0.145040,-0.188703,0.081884,0.008122,0.020575,-0.015181,0.025569,0.008920
3714.000000,0.284360,0.151418,0.022409,-0.039983,0.017486,0.008511,-0.093491,0.027140,0.097351,0.033910
3715.000000,0.316078,0.185216,0.083656,0.090398,-0.043137,0.004566,-0.050913,0.019680,0.054584,0.019034
3716.000000,0.295283,0.152701,-0.016038,0.007123,-0.006770,0.002783,-0.004207,-0.001144,0.004360,0.001521
3717.000000,0.285751,0.145398,0.003966,0.005891,0.001762,0.000044,0.003048,-0.002754,0.004108,0.001433
3718.000000,0.279512,0.137339,0.002477,-0.001540,0.003129,-0.001875,0.004703,-0.001098,0.004829,0.001685
3719.000000,0.277355,0.135248,0.005462,0.008068,-0.004186,-0.003393,0.009431,-0.001393,0.009533,0.003326
3720.000000,0.280909,0.146061,0.028066,0.053250,-0.022910,-0.004235,0.049099,-0.010863,0.050286,0.017536
3721.000000,0.266765,0.133552,-0.008801,0.022940,-0.009905,-0.004325,0.089279,-0.023765,0.092388,0.032186
3722.000000,0.238835,0.100229,-0.078428,-0.095547,0.040181,-0.002176,0.035517,-0.014107,0.038216,0.013329
3723.000000,0.240626,0.105712,-0.047748,-0.101933,0.042917,0.001602,-0.077229,0.017748,0.079242,0.027617
3724.000000,0.272962,0.147796,0.070562,0.053410,-0.023669,-0.000872,-0.088313,0.027918,0.092621,0.032267
3725.000000,0.273375,0.146908,0.035587,0.057635,-0.027756,-0.001078,-0.024733,0.008183,0.026052,0.009088
3726.000000,0.247522,0.113006,-0.035104,-0.038546,0.016315,-0.001367,-0.024056,0.002206,0.024157,0.008427
3727.000000,0.243822,0.110792,-0.004799,-0.034577,0.018052,-0.001786,-0.065224,0.015484,0.067037,0.023370
3728.000000,0.264346,0.139765,0.066281,0.068142,-0.027290,-0.003109,-0.035290,0.013534,0.037796,0.013183
3729.000000,0.279691,0.166420,0.066939,0.127313,-0.054803,0.000257,0.081951,-0.016893,0.083674,0.029158
3730.000000,0.261298,0.152138,-0.002664,0.075522,-0.029425,0.002620,0.191589,-0.050864,0.198226,0.068704
3731.000000,0.217332,0.096408,-0.119273,-0.123175,0.056030,0.004875,0.143158,-0.044759,0.149992,0.052132
3732.000000,0.224340,0.106731,-0.092917,-0.163451,0.069356,0.013298,-0.023756,0.002509,0.023888,0.008333
3733.000000,0.257008,0.138750,0.000932,-0.055521,0.015901,0.012059,-0.136286,0.038656,0.141662,0.049257
3734.000000,0.270028,0.145814,0.032150,0.002067,-0.008404,0.007063,-0.160088,0.043515,0.165897,0.057612
3735.000000,0.289752,0.173685,0.095234,0.100249,-0.041880,0.004605,-0.091285,0.026698,0.095109,0.033131
3736.000000,0.273482,0.149076,0.015636,0.031681,-0.011260,0.003405,-0.023505,0.004925,0.024015,0.008378
3737.000000,0.268781,0.144201,0.022184,0.033439,-0.010382,0.001024,0.013654,-0.003192,0.014022,0.004892
3738.000000,0.287325,0.175939,0.067423,0.122032,-0.048523,0.001433,0.111196,-0.024388,0.113839,0.039630
3739.000000,0.253426,0.130918,-0.057888,-0.011814,0.004280,0.001434,0.159621,-0.044377,0.165675,0.057536
3740.000000,0.230538,0.106096,-0.095337,-0.119478,0.051945,0.003990,0.073520,-0.024839,0.077603,0.027046
3741.000000,0.242917,0.123106,-0.034212,-0.078501,0.032727,0.005529,-0.034565,0.008543,0.035605,0.012419
3742.000000,0.256426,0.135867,0.007389,-0.017457,0.003006,0.002874,-0.082510,0.023428,0.085772,0.029887
3743.000000,0.261778,0.141503,0.029193,0.023787,-0.012806,0.000197,-0.074477,0.020479,0.077241,0.026921
3744.000000,0.249890,0.124554,-0.000979,-0.011832,0.004753,-0.001208,-0.071452,0.016826,0.073406,0.025587
3745.000000,0.254370,0.133685,0.039427,0.033559,-0.011051,-0.002814,-0.054341,0.015117,0.056405,0.019668
3746.000000,0.264254,0.150647,0.058138,0.085069,-0.034510,-0.002496,0.018505,-0.001458,0.018562,0.006476
3747.000000,0.257936,0.148003,0.021290,0.072467,-0.030322,-0.001070,0.106679,-0.026560,0.109936,0.038277
3748.000000,0.227611,0.111938,-0.054055,-0.035379,0.015873,-0.001061,0.116353,-0.033876,0.121184,0.042175
3749.000000,0.213091,0.097365,-0.070834,-0.103097,0.044817,0.001626,0.030492,-0.011844,0.032712,0.011410
3750.000000,0.223482,0.110892,-0.025446,-0.065746,0.026048,0.002680,-0.061411,0.016080,0.063481,0.022132
3751.000000,0.227761,0.111551,-0.017428,-0.055330,0.018266,0.002030,-0.128973,0.033410,0.133230,0.046343
3752.000000,0.260750,0.159452,0.102990,0.105868,-0.044544,0.000374,-0.083052,0.026442,0.087160,0.030369
3753.000000,0.265854,0.170487,0.060847,0.113854,-0.047339,0.003544,0.042564,-0.008809,0.043466,0.015159
3754.000000,0.228923,0.119770,-0.055105,-0.035999,0.017637,0.003130,0.070895,-0.023270,0.074616,0.026008
3755.000000,0.224883,0.117163,-0.018434,-0.034815,0.018685,0.001843,0.030715,-0.009193,0.032061,0.011183
3756.000000,0.244523,0.144898,0.046000,0.065591,-0.027238,-0.000208,0.058788,-0.010917,0.059793,0.020848
3757.000000,0.228057,0.123386,-0.025129,0.007627,-0.006752,-0.000649,0.094294,-0.025112,0.097581,0.033989
3758.000000,0.198788,0.086872,-0.113993,-0.153992,0.063831,0.004423,-0.005882,-0.006099,0.008473,0.002956
3759.000000,0.215088,0.103487,-0.086596,-0.191100,0.076131,0.016634,-0.204485,0.049337,0.210353,0.072847
3760.000000,0.286959,0.185507,0.159571,0.105339,-0.050164,0.011341,-0.220841,0.067102,0.230810,0.079811
3761.000000,0.376350,0.306434,0.211170,0.304774,-0.131676,0.027384,0.032497,0.002887,0.032625,0.011380
3762.000000,0.321587,0.219729,-0.080355,0.040840,-0.004570,0.028267,0.199768,-0.061644,0.209063,0.072407
3763.000000,0.295672,0.168090,-0.107612,-0.101501,0.058329,0.022400,0.148925,-0.046347,0.155970,0.054194
3764.000000,0.316217,0.174289,-0.034487,-0.062511,0.027113,0.017640,0.059226,-0.013580,0.060763,0.021186
3765.000000,0.319250,0.163200,-0.054165,-0.083834,0.026185,0.013183,-0.025970,0.006348,0.026735,0.009326
3766.000000,0.323529,0.162813,-0.023510,-0.067573,0.023300,0.009397,-0.109839,0.026580,0.113009,0.039342
3767.000000,0.340253,0.181053,0.060191,0.029430,-0.011684,0.003862,-0.121054,0.033323,0.125557,0.043689
3768.000000,0.347458,0.186912,0.063309,0.066171,-0.027681,0.000838,-0.062786,0.018954,0.065585,0.022864
3769.000000,0.335906,0.170031,0.017033,0.030872,-0.012950,-0.001124,-0.011382,0.002737,0.011706,0.004084
3770.000000,0.332478,0.170845,0.027450,0.049601,-0.018337,-0.003053,0.036298,-0.008758,0.037340,0.013024
3771.000000,0.346965,0.201272,0.056415,0.131503,-0.052206,-0.001597,0.147731,-0.034386,0.151680,0.052715
3772.000000,0.301343,0.141112,-0.097258,-0.051796,0.021368,-0.001188,0.173708,-0.049821,0.180711,0.062703
3773.000000,0.288420,0.125082,-0.199569,-0.313459,0.130937,0.021241,-0.059927,0.003223,0.060014,0.020925
3774.000000,0.370266,0.206637,0.071708,-0.044057,0.008881,0.022483,-0.233374,0.067687,0.242992,0.083942
3775.000000,0.465852,0.317214,0.238535,0.259023,-0.119175,0.022213,-0.078247,0.034320,0.085443,0.029773
3776.000000,0.445433,0.276199,-0.006350,0.111659,-0.042476,0.024361,0.116203,-0.034956,0.121347,0.042231
3777.000000,0.407811,0.213712,-0.079903,-0.024416,0.024650,0.015096,0.150630,-0.046353,0.157601,0.054756
3778.000000,0.393943,0.177041,-0.111289,-0.163281,0.072968,0.015823,0.029331,-0.012339,0.031821,0.011100
3779.000000,0.418053,0.186456,-0.063531,-0.183040,0.065747,0.021370,-0.167849,0.043245,0.173330,0.060168
3780.000000,0.482424,0.254415,0.164078,0.099115,-0.050922,0.011286,-0.184796,0.056716,0.193304,0.067020
3781.000000,0.532427,0.320053,0.153828,0.228207,-0.097871,0.015381,0.014564,0.002743,0.014820,0.005170
3782.000000,0.496530,0.267998,-0.042406,0.085177,-0.026011,0.013759,0.176783,-0.051263,0.184066,0.063854
3783.000000,0.454521,0.201729,-0.126173,-0.097091,0.050994,0.008403,0.150284,-0.046238,0.157236,0.054630
3784.000000,0.462168,0.203752,-0.054653,-0.088550,0.037679,0.006095,0.045586,-0.011938,0.047123,0.016434
3785.000000,0.465763,0.202030,-0.035467,-0.078236,0.025645,0.002591,-0.047824,0.012450,0.049418,0.017234
3786.000000,0.462987,0.196890,-0.014717,-0.074050,0.026311,-0.000429,-0.133626,0.032601,0.137545,0.047835
3787.000000,0.486032,0.233074,0.107338,0.075813,-0.029744,-0.005660,-0.116861,0.033839,0.121662,0.042340
3788.000000,0.496746,0.253787,0.086079,0.125618,-0.052248,-0.005355,0.002706,0.003182,0.004177,0.001457
3789.000000,0.456629,0.201785,-0.048819,-0.016744,0.007469,-0.006777,0.049595,-0.016924,0.052403,0.018274
3790.000000,0.432500,0.175871,-0.061241,-0.102881,0.046029,-0.005786,-0.027342,0.002252,0.027435,0.009570
3791.000000,0.468353,0.230661,0.097609,0.092437,-0.036849,-0.009046,-0.012708,0.009668,0.015968,0.005570
3792.000000,0.470812,0.239835,0.031886,0.113326,-0.051822,-0.006951,0.106397,-0.024070,0.109086,0.037982
3793.000000,0.419440,0.178080,-0.109756,-0.072539,0.029885,-0.006925,0.110213,-0.035630,0.115829,0.040320
3794.000000,0.409612,0.177135,-0.054077,-0.089300,0.041858,-0.005292,0.016651,-0.007858,0.018412,0.006423
3795.000000,0.415424,0.186029,-0.003587,-0.045547,0.017895,-0.006246,-0.055320,0.015558,0.057466,0.020037
3796.000000,0.423470,0.200013,0.038772,0.027376,-0.014815,-0.009108,-0.058008,0.017547,0.060604,0.021130
3797.000000,0.399599,0.170744,-0.025954,-0.048478,0.017931,-0.009705,-0.078147,0.016889,0.079951,0.027863
3798.000000,0.393931,0.170995,0.017829,-0.028112,0.015241,-0.010310,-0.119802,0.029306,0.123334,0.042919
3799.000000,0.425223,0.223280,0.123701,0.130325,-0.051488,-0.010265,-0.045120,0.017932,0.048553,0.016932
3800.000000,0.426941,0.233373,0.045642,0.128531,-0.055627,-0.004984,0.101635,-0.023271,0.104265,0.036310
3801.000000,0.385786,0.186300,-0.065374,-0.000156,0.001640,-0.005204,0.161186,-0.046066,0.167640,0.058212
3802.000000,0.355656,0.154224,-0.107893,-0.131279,0.058586,-0.002070,0.072776,-0.025126,0.076991,0.026834
3803.000000,0.371950,0.177977,-0.012544,-0.054650,0.022477,-0.001766,-0.024689,0.007709,0.025865,0.009022
3804.000000,0.387720,0.199015,0.039847,0.042142,-0.022015,-0.005250,-0.021552,0.009355,0.023495,0.008196
3805.000000,0.366663,0.172748,-0.025547,-0.019930,0.004842,-0.006725,-0.015455,0.001563,0.015534,0.005419
3806.000000,0.345520,0.148784,-0.050878,-0.099603,0.043267,-0.004861,-0.091763,0.018533,0.093616,0.032613
3807.000000,0.362957,0.174277,0.057814,0.007594,0.000053,-0.006546,-0.132917,0.036607,0.137866,0.047946
3808.000000,0.385839,0.207119,0.100121,0.109848,-0.047252,-0.006636,-0.055467,0.019968,0.058952,0.020555
3809.000000,0.383303,0.210688,0.042736,0.105960,-0.045627,-0.003627,0.066669,-0.015709,0.068495,0.023877
3810.000000,0.358114,0.187091,-0.019324,0.045160,-0.015466,-0.003767,0.146180,-0.040062,0.151570,0.052677
3811.000000,0.323787,0.146033,-0.090360,-0.087611,0.039549,-0.003165,0.108095,-0.032895,0.112989,0.039335
3812.000000,0.325585,0.153284,-0.041955,-0.073026,0.030675,-0.002078,0.018442,-0.005503,0.019246,0.006714
3813.000000,0.326133,0.153803,-0.030548,-0.067340,0.023894,-0.002224,-0.060610,0.015302,0.062512,0.021795
3814.000000,0.332522,0.164206,0.018290,-0.010899,0.002349,-0.004352,-0.099125,0.026128,0.102511,0.035701
3815.000000,0.351354,0.196032,0.085357,0.098478,-0.040198,-0.005407,-0.037839,0.013480,0.040168,0.014010
3816.000000,0.328363,0.165919,-0.009137,0.014542,-0.006364,-0.005281,0.017490,-0.006142,0.018537,0.006467
3817.000000,0.307573,0.141986,-0.035207,-0.050611,0.023054,-0.005422,-0.009891,-0.000657,0.009913,0.003458
3818.000000,0.316474,0.159136,0.033202,0.022351,-0.007098,-0.006921,-0.018281,0.006671,0.019460,0.006789
3819.000000,0.316644,0.162496,0.024639,0.045077,-0.020599,-0.007350,0.022451,-0.003662,0.022748,0.007935
3820.000000,0.295428,0.138708,-0.029788,-0.018843,0.006129,-0.007249,0.030662,-0.010100,0.032283,0.011261
3821.000000,0.282076,0.128149,-0.029025,-0.047347,0.021216,-0.006639,-0.009954,0.000010,0.009954,0.003473
3822.000000,0.286859,0.139597,0.017000,0.003781,-0.000190,-0.007280,-0.029347,0.008731,0.030618,0.010680
3823.000000,0.304026,0.169535,0.063712,0.098033,-0.041584,-0.006545,0.038518,-0.005529,0.038913,0.013572
3824.000000,0.281590,0.144455,-0.019775,0.024253,-0.012063,-0.005202,0.100323,-0.027245,0.103957,0.036203
3825.000000,0.252236,0.112021,-0.075317,-0.087806,0.038158,-0.003350,0.052413,-0.018863,0.055704,0.019424
3826.000000,0.250031,0.112274,-0.058827,-0.116781,0.049826,0.001404,-0.066726,0.014334,0.068248,0.023792
3827.000000,0.265507,0.127421,-0.004962,-0.064469,0.023198,0.002131,-0.164005,0.043570,0.169694,0.058918
3828.000000,0.303997,0.178751,0.119306,0.111221,-0.049126,0.000073,-0.118641,0.036972,0.124268,0.043243
3829.000000,0.310358,0.190531,0.069484,0.119606,-0.050986,0.003396,0.013377,-0.001299,0.013440,0.004689
3830.000000,0.286206,0.162662,-0.007515,0.041194,-0.012732,0.002902,0.096348,-0.027601,0.100224,0.034907
3831.000000,0.279875,0.160968,0.006606,0.050444,-0.015249,0.000646,0.149263,-0.038297,0.154098,0.053548
3832.000000,0.254931,0.127788,-0.065018,-0.047683,0.019448,-0.000202,0.140418,-0.038496,0.145599,0.050617
3833.000000,0.237911,0.107533,-0.150174,-0.224745,0.091111,0.011477,-0.032561,0.000304,0.032562,0.011358
3834.000000,0.279326,0.151955,-0.028681,-0.134819,0.048599,0.018643,-0.225995,0.059225,0.233626,0.080767
3835.000000,0.372764,0.266852,0.237430,0.221263,-0.099718,0.015619,-0.137986,0.049115,0.146466,0.050916
3836.000000,0.411362,0.315579,0.100761,0.237186,-0.097286,0.029123,0.122558,-0.028947,0.125930,0.043818
3837.000000,0.341788,0.197574,-0.157215,-0.087659,0.051684,0.023481,0.172228,-0.057656,0.181622,0.063016
3838.000000,0.351843,0.180397,-0.149544,-0.259478,0.115244,0.035461,-0.042045,0.003116,0.042160,0.014704
3839.000000,0.429532,0.234723,0.081803,-0.023131,-0.004416,0.027817,-0.176532,0.055687,0.185107,0.064211
3840.000000,0.502551,0.309533,0.181009,0.213870,-0.101713,0.022628,-0.042632,0.021532,0.047761,0.016656
3841.000000,0.482137,0.273740,-0.009445,0.111982,-0.040999,0.021136,0.131020,-0.039028,0.136709,0.047546
3842.000000,0.435387,0.196717,-0.120580,-0.090138,0.051217,0.014198,0.121557,-0.040671,0.128180,0.044597
3843.000000,0.438884,0.182857,-0.088266,-0.169706,0.073391,0.017271,-0.033987,0.005929,0.034500,0.012034
3844.000000,0.486829,0.226467,0.078250,0.025617,-0.018928,0.009030,-0.094984,0.032023,0.100237,0.034912
3845.000000,0.504770,0.245865,0.074477,0.111357,-0.053188,0.004164,-0.008034,0.005913,0.009975,0.003480
3846.000000,0.477205,0.213135,-0.019200,0.037949,-0.013463,0.000578,0.069040,-0.021493,0.072308,0.025205
3847.000000,0.442587,0.168126,-0.079947,-0.097235,0.045845,-0.000728,0.021162,-0.011422,0.024048,0.008389
3848.000000,0.444000,0.168054,-0.028896,-0.101909,0.043141,0.000611,-0.092236,0.022906,0.095038,0.033106
3849.000000,0.471056,0.202021,0.081398,0.042470,-0.021068,-0.004092,-0.110766,0.033817,0.115813,0.040314
3850.000000,0.482516,0.222918,0.077484,0.108826,-0.048690,-0.004918,-0.017810,0.008146,0.019585,0.006832
3851.000000,0.481085,0.236117,0.041675,0.133223,-0.053214,-0.002539,0.122136,-0.030433,0.125870,0.043797
3852.000000,0.428748,0.170040,-0.103922,-0.061263,0.029408,-0.003416,0.142569,-0.043290,0.148996,0.051789
3853.000000,0.414647,0.157700,-0.094295,-0.145342,0.063639,0.001138,0.016524,-0.009042,0.018836,0.006571
3854.000000,0.442320,0.192881,0.031426,-0.010217,0.001418,-0.001666,-0.057542,0.018837,0.060547,0.021110
3855.000000,0.432382,0.176876,-0.010736,-0.034704,0.008124,-0.004822,-0.085617,0.021546,0.088286,0.030761
3856.000000,0.430549,0.182380,0.033994,0.009972,-0.003124,-0.007779,-0.095071,0.023971,0.098046,0.034151
3857.000000,0.443994,0.211176,0.086559,0.102369,-0.039556,-0.008735,-0.021582,0.009151,0.023442,0.008178
3858.000000,0.437396,0.210773,0.029531,0.092379,-0.038606,-0.007010,0.088013,-0.020886,0.090457,0.031515
3859.000000,0.397477,0.163610,-0.072956,-0.045055,0.018928,-0.007287,0.100563,-0.030483,0.105082,0.036593
3860.000000,0.378708,0.147499,-0.081159,-0.127779,0.055283,-0.003290,-0.006179,-0.003416,0.007060,0.002463
3861.000000,0.405427,0.186409,0.048621,0.018955,-0.007948,-0.005627,-0.052529,0.017558,0.055386,0.019313
3862.000000,0.404535,0.186392,0.025231,0.039307,-0.020795,-0.007509,-0.017291,0.006499,0.018472,0.006444
3863.000000,0.375739,0.151952,-0.046629,-0.059586,0.023449,-0.007604,-0.039279,0.005686,0.039688,0.013843
3864.000000,0.379401,0.166635,0.032704,0.006294,0.001778,-0.009044,-0.062730,0.016365,0.064830,0.022602
3865.000000,0.401276,0.204203,0.086800,0.117600,-0.048129,-0.008494,0.019392,0.000546,0.019400,0.006768
3866.000000,0.372188,0.168265,-0.032785,0.012056,-0.007988,-0.007446,0.082027,-0.022917,0.085168,0.029677
3867.000000,0.355180,0.158278,-0.023933,-0.005780,0.004407,-0.008425,0.083891,-0.023734,0.087184,0.030378
3868.000000,0.341204,0.148100,-0.030943,-0.029400,0.013173,-0.008662,0.061545,-0.017052,0.063864,0.022265
3869.000000,0.324808,0.131611,-0.065015,-0.096640,0.038484,-0.006139,-0.017079,0.001421,0.017138,0.005979
3870.000000,0.326307,0.137526,-0.030695,-0.089923,0.035819,-0.003392,-0.122309,0.029848,0.125898,0.043807
3871.000000,0.345870,0.164770,0.063338,0.023406,-0.010253,-0.005576,-0.148263,0.041085,0.153850,0.053463
3872.000000,0.360901,0.188531,0.088773,0.097888,-0.041575,-0.005521,-0.071523,0.022244,0.074902,0.026107
3873.000000,0.354284,0.186124,0.040502,0.083020,-0.033899,-0.003907,0.029653,-0.006970,0.030461,0.010625
3874.000000,0.346702,0.187078,0.023752,0.085708,-0.032036,-0.003268,0.125796,-0.031974,0.129796,0.045156
3875.000000,0.316298,0.151500,-0.053702,-0.013735,0.007383,-0.003890,0.156301,-0.042907,0.162083,0.056300
3876.000000,0.293021,0.126545,-0.098625,-0.123810,0.051943,-0.000668,0.066577,-0.022067,0.070139,0.024450
3877.000000,0.304665,0.145486,-0.031290,-0.076125,0.030326,0.001006,-0.041862,0.010544,0.043169,0.015056
3878.000000,0.318079,0.161925,0.022734,0.001466,-0.004004,-0.001806,-0.076039,0.021856,0.079118,0.027573
3879.000000,0.310858,0.151096,0.004279,-0.010102,0.001567,-0.003733,-0.082191,0.020562,0.084724,0.029523
3880.000000,0.315237,0.162566,0.048385,0.044833,-0.016534,-0.005446,-0.056720,0.015665,0.058843,0.020517
3881.000000,0.302193,0.145828,0.006742,0.006483,-0.001958,-0.006035,-0.031703,0.007666,0.032617,0.011377
3882.000000,0.303229,0.153197,0.033406,0.042844,-0.016296,-0.006820,0.000148,0.001351,0.001359,0.000474
3883.000000,0.294383,0.146117,0.009553,0.030126,-0.012837,-0.006828,0.040301,-0.009914,0.041503,0.014475
3884.000000,0.282064,0.136807,-0.007286,0.011587,-0.004743,-0.006978,0.062143,-0.016614,0.064326,0.022426
3885.000000,0.261458,0.114415,-0.049245,-0.059294,0.024518,-0.005886,0.027589,-0.010069,0.029369,0.010245
3886.000000,0.271492,0.135895,0.022497,0.021120,-0.007484,-0.006671,0.014451,-0.002002,0.014589,0.005090
3887.000000,0.282245,0.157756,0.044308,0.089149,-0.038281,-0.005676,0.084405,-0.018199,0.086345,0.030086
3888.000000,0.233638,0.089895,-0.150369,-0.181541,0.073159,0.001221,0.003358,-0.010154,0.010695,0.003731
3889.000000,0.256647,0.121200,-0.053211,-0.152938,0.063085,0.011434,-0.182781,0.044620,0.188148,0.065254
3890.000000,0.338078,0.222485,0.198547,0.174676,-0.076752,0.008300,-0.135075,0.046979,0.143011,0.049723
3891.000000,0.387247,0.289172,0.121481,0.246900,-0.105039,0.022657,0.110721,-0.022734,0.113031,0.039350
3892.000000,0.316091,0.176772,-0.146879,-0.074918,0.042502,0.019929,0.173667,-0.057424,0.182915,0.063459
3893.000000,0.316531,0.158173,-0.138552,-0.229309,0.104739,0.029462,-0.015057,-0.004287,0.015655,0.005462
3894.000000,0.381301,0.206652,0.056089,-0.030069,0.002949,0.023852,-0.140672,0.044678,0.147597,0.051306
3895.000000,0.424192,0.243683,0.115649,0.126307,-0.064325,0.015941,-0.068895,0.025320,0.073400,0.025585
3896.000000,0.408926,0.218083,0.012447,0.070326,-0.029067,0.012058,0.036921,-0.012305,0.038918,0.013574
3897.000000,0.392988,0.198990,-0.002394,0.044954,-0.009748,0.006309,0.099449,-0.028090,0.103340,0.035989
3898.000000,0.372835,0.167602,-0.045344,-0.028460,0.015254,0.002253,0.100915,-0.027601,0.104621,0.036433
3899.000000,0.357186,0.144703,-0.080946,-0.116138,0.046129,0.002989,0.009612,-0.005796,0.011224,0.003916
3900.000000,0.363570,0.152014,-0.039988,-0.108571,0.041659,0.004792,-0.116870,0.028501,0.120295,0.041867
3901.000000,0.401213,0.201523,0.106288,0.081334,-0.035367,-0.000020,-0.112134,0.034651,0.117366,0.040852
3902.000000,0.413770,0.220386,0.077366,0.125054,-0.054176,0.000980,0.009710,0.001096,0.009772,0.003409
3903.000000,0.374476,0.167148,-0.052045,-0.023142,0.011346,-0.000471,0.051984,-0.018460,0.055164,0.019236
3904.000000,0.369113,0.166591,-0.001361,-0.003397,0.006668,-0.003389,0.038972,-0.010790,0.040438,0.014104
3905.000000,0.368496,0.168105,0.007964,0.020875,-0.008993,-0.005702,0.051495,-0.011315,0.052723,0.018385
3906.000000,0.346191,0.140929,-0.055863,-0.060104,0.021359,-0.005890,0.020735,-0.007946,0.022205,0.007746
3907.000000,0.335772,0.133851,-0.049535,-0.096513,0.039949,-0.003558,-0.072015,0.014881,0.073536,0.025632
3908.000000,0.354095,0.161736,0.050295,0.015167,-0.004959,-0.005489,-0.106530,0.029958,0.110662,0.038529
3909.000000,0.365153,0.178795,0.066638,0.077224,-0.033663,-0.006218,-0.047533,0.015904,0.050123,0.017479
3910.000000,0.366407,0.189328,0.049138,0.101213,-0.042487,-0.004378,0.056369,-0.012633,0.057767,0.020142
3911.000000,0.355005,0.186787,0.012150,0.089459,-0.034304,-0.002807,0.163477,-0.042206,0.168837,0.058624
3912.000000,0.307954,0.126539,-0.122351,-0.116839,0.051124,-0.000765,0.126091,-0.039573,0.132155,0.045972
3913.000000,0.309921,0.132838,-0.102765,-0.184137,0.077155,0.009457,-0.051475,0.008518,0.052175,0.018194
3914.000000,0.349649,0.175148,0.039547,-0.027058,0.005406,0.007251,-0.154496,0.044477,0.160771,0.055848
3915.000000,0.359989,0.179547,0.053202,0.025700,-0.017303,0.002176,-0.149394,0.041126,0.154951,0.053843
3916.000000,0.371002,0.197906,0.086128,0.094009,-0.038646,0.000029,-0.074051,0.021254,0.077041,0.026851
3917.000000,0.392816,0.238885,0.096588,0.173571,-0.067885,0.003966,0.085997,-0.018180,0.087898,0.030626
3918.000000,0.352684,0.184175,-0.058936,0.016659,-0.003011,0.003504,0.177315,-0.049672,0.184141,0.063880
3919.000000,0.321654,0.142890,-0.123672,-0.146931,0.065150,0.005907,0.085882,-0.029222,0.090717,0.031606
3920.000000,0.349084,0.176720,0.004779,-0.027857,0.011017,0.003904,-0.000919,0.002807,0.002954,0.001030
3921.000000,0.347201,0.168596,-0.016370,-0.027235,0.005375,0.000254,-0.032057,0.008774,0.033236,0.011593
3922.000000,0.332053,0.147241,-0.049341,-0.092649,0.035597,0.000077,-0.106898,0.023548,0.109461,0.038112
3923.000000,0.349316,0.172338,0.061231,0.016773,-0.004357,-0.002934,-0.138509,0.037463,0.143486,0.049887
3924.000000,0.387936,0.229323,0.134379,0.165332,-0.068601,-0.001172,-0.019380,0.012400,0.023007,0.008026
3925.000000,0.381969,0.226320,0.026052,0.124851,-0.051888,0.003911,0.140854,-0.035604,0.145284,0.050508
3926.000000,0.333244,0.162062,-0.101444,-0.060358,0.030084,0.002401,0.157798,-0.047924,0.164915,0.057274
3927.000000,0.321277,0.142522,-0.160467,-0.260488,0.111467,0.017847,-0.044594,0.002210,0.044649,0.015572
3928.000000,0.381815,0.197965,0.033517,-0.081671,0.024390,0.019596,-0.218902,0.062156,0.227555,0.078705
3929.000000,0.501905,0.346675,0.275990,0.309063,-0.139381,0.022553,-0.047856,0.028736,0.055821,0.019464
3930.000000,0.488905,0.318028,-0.017703,0.163031,-0.059299,0.030939,0.203067,-0.058344,0.211282,0.073164
3931.000000,0.428143,0.206312,-0.208433,-0.172133,0.091935,0.025586,0.161177,-0.056659,0.170846,0.059314
3932.000000,0.466864,0.218989,-0.090572,-0.203386,0.086367,0.032914,-0.054646,0.012833,0.056133,0.019573
3933.000000,0.519453,0.244763,0.057900,-0.046036,0.002033,0.022565,-0.178482,0.053825,0.186421,0.064662
3934.000000,0.552833,0.272745,0.128092,0.104900,-0.053950,0.011276,-0.128235,0.038440,0.133873,0.046565
3935.000000,0.556119,0.278978,0.075256,0.128949,-0.051061,0.007322,0.007161,-0.001470,0.007310,0.002550
3936.000000,0.527837,0.241644,-0.017563,0.046635,-0.012156,0.001855,0.098052,-0.027946,0.101957,0.035509
3937.000000,0.508317,0.217476,-0.034903,0.006663,0.000758,-0.003717,0.124089,-0.032730,0.128333,0.044649
3938.000000,0.477870,0.179818,-0.106562,-0.131877,0.052846,-0.002970,0.038561,-0.014832,0.041315,0.014410
3939.000000,0.482938,0.192299,-0.038168,-0.113737,0.045358,-0.000558,-0.098679,0.023464,0.101430,0.035326
3940.000000,0.522295,0.248734,0.121125,0.099438,-0.042798,-0.005869,-0.084288,0.028395,0.088942,0.030989
3941.000000,0.538595,0.278991,0.077626,0.162213,-0.070251,-0.002715,0.070751,-0.013899,0.072103,0.025133
3942.000000,0.475605,0.194498,-0.125612,-0.089300,0.039535,-0.003461,0.085787,-0.031216,0.091290,0.031805
3943.000000,0.466851,0.187728,-0.074021,-0.153513,0.069311,0.001806,-0.058460,0.009909,0.059294,0.020674
3944.000000,0.503500,0.229847,0.086120,0.024427,-0.012279,-0.003079,-0.113035,0.035470,0.118470,0.041234
3945.000000,0.521947,0.255660,0.087949,0.115308,-0.054121,-0.005312,-0.024072,0.011375,0.026624,0.009287
3946.000000,0.496284,0.230020,-0.007383,0.052950,-0.022266,-0.006433,0.064997,-0.019226,0.067781,0.023629
3947.000000,0.459198,0.189126,-0.064896,-0.059973,0.029576,-0.008007,0.049204,-0.018009,0.052396,0.018271
3948.000000,0.462366,0.202318,0.012890,0.003456,0.001492,-0.010533,0.023834,-0.004505,0.024256,0.008461
3949.000000,0.440886,0.176715,-0.048517,-0.070531,0.025055,-0.010710,-0.022044,0.003941,0.022394,0.007812
3950.000000,0.437671,0.183586,0.001702,-0.035338,0.014157,-0.011376,-0.078574,0.019202,0.080886,0.028188
3951.000000,0.463608,0.232472,0.103450,0.121612,-0.049026,-0.012008,-0.013038,0.008569,0.015602,0.005443
3952.000000,0.445212,0.215810,0.002047,0.067609,-0.029963,-0.009917,0.088855,-0.022698,0.091708,0.031950
3953.000000,0.402633,0.167339,-0.090620,-0.085112,0.036487,-0.009006,0.062981,-0.022396,0.066844,0.023303
3954.000000,0.402544,0.177919,-0.014006,-0.047249,0.022750,-0.008687,-0.008157,0.001358,0.008269,0.002885
3955.000000,0.406285,0.186926,0.017087,0.003844,-0.003385,-0.010463,-0.027462,0.009226,0.028970,0.010106
3956.000000,0.379058,0.151222,-0.073916,-0.124236,0.047382,-0.007444,-0.109393,0.023226,0.111831,0.038934
3957.000000,0.400375,0.188508,0.075000,0.019528,-0.005068,-0.009075,-0.153981,0.041490,0.159473,0.055401
3958.000000,0.464323,0.288026,0.183510,0.241309,-0.100097,-0.001633,0.017380,0.005903,0.018355,0.006403
3959.000000,0.430790,0.244083,-0.039771,0.085635,-0.034544,0.004221,0.186372,-0.051200,0.193277,0.067010
3960.000000,0.383502,0.182625,-0.129332,-0.100581,0.049256,0.002470,0.158040,-0.049184,0.165516,0.057481
3961.000000,0.383381,0.180788,-0.093925,-0.158864,0.069000,0.007989,0.004733,-0.005038,0.006913,0.002412
3962.000000,0.411664,0.206895,0.009241,-0.054524,0.016336,0.005383,-0.105175,0.030458,0.109496,0.038124
3963.000000,0.425069,0.218607,0.054656,0.029144,-0.018251,-0.000728,-0.110602,0.031221,0.114924,0.040006
3964.000000,0.419909,0.213490,0.044297,0.042863,-0.018071,-0.004344,-0.068259,0.017438,0.070451,0.024558
3965.000000,0.424140,0.228083,0.064958,0.096477,-0.036310,-0.005802,0.016474,-0.002287,0.016632,0.005802
3966.000000,0.402796,0.203087,-0.010331,0.033761,-0.012994,-0.006710,0.083885,-0.022253,0.086786,0.030240
3967.000000,0.375710,0.172355,-0.057240,-0.051084,0.021496,-0.007504,0.065227,-0.019984,0.068220,0.023782
3968.000000,0.360266,0.157376,-0.070812,-0.122231,0.050763,-0.003940,-0.040562,0.006337,0.041054,0.014319
3969.000000,0.382709,0.190198,0.047094,0.007534,-0.003363,-0.006011,-0.092082,0.026734,0.095884,0.033400
3970.000000,0.425865,0.256115,0.126726,0.184121,-0.078815,-0.003078,0.035322,-0.001249,0.035344,0.012328
3971.000000,0.376533,0.188040,-0.078609,-0.016836,0.006174,-0.001989,0.109229,-0.033947,0.114383,0.039818
3972.000000,0.349416,0.155651,-0.113685,-0.167815,0.075119,0.003418,-0.011319,-0.005338,0.012515,0.004366
3973.000000,0.389428,0.203138,0.064855,0.013154,-0.004664,0.000474,-0.080092,0.025926,0.084184,0.029335
3974.000000,0.402878,0.215494,0.057498,0.074981,-0.037374,-0.002520,-0.023481,0.010530,0.025734,0.008977
3975.000000,0.382024,0.190830,-0.010566,0.020709,-0.010468,-0.004280,0.025210,-0.008791,0.026699,0.009313
3976.000000,0.357430,0.163599,-0.038716,-0.049797,0.024302,-0.005350,0.001261,-0.004485,0.004659,0.001625
3977.000000,0.358925,0.169527,0.011995,-0.010704,0.007330,-0.006928,-0.029038,0.008239,0.030184,0.010529
3978.000000,0.370763,0.189346,0.050126,0.067150,-0.029404,-0.008233,0.011254,0.001032,0.011301,0.003943
3979.000000,0.341236,0.151569,-0.048917,-0.041700,0.013918,-0.007983,0.014258,-0.006899,0.015839,0.005526
3980.000000,0.333436,0.151356,-0.011058,-0.032054,0.015879,-0.008156,-0.026639,0.004828,0.027073,0.009444
3981.000000,0.347927,0.178458,0.057196,0.066870,-0.025829,-0.009180,0.003585,0.002626,0.004444,0.001550
3982.000000,0.345693,0.181857,0.024620,0.077526,-0.034527,-0.007632,0.086856,-0.020069,0.089144,0.031059
3983.000000,0.306952,0.135195,-0.080629,-0.069219,0.027663,-0.006362,0.076205,-0.024933,0.080180,0.027943
3984.000000,0.293503,0.123742,-0.095496,-0.167454,0.071519,0.001986,-0.068267,0.011364,0.069206,0.024125
3985.000000,0.335127,0.175843,0.074385,0.024620,-0.010785,-0.000187,-0.129069,0.038662,0.134735,0.046864
3986.000000,0.348464,0.189319,0.068405,0.079747,-0.038325,-0.001689,-0.063884,0.020602,0.067124,0.023400
3987.000000,0.329358,0.165497,0.002503,0.021429,-0.009620,-0.002675,-0.012543,0.001143,0.012595,0.004394
3988.000000,0.320255,0.160361,0.015774,0.023877,-0.005412,-0.004520,0.013432,-0.004349,0.014119,0.004925
3989.000000,0.328228,0.178010,0.045413,0.083661,-0.032377,-0.005028,0.080868,-0.017645,0.082771,0.028844
3990.000000,0.314617,0.165520,-0.009982,0.050827,-0.022702,-0.004401,0.153960,-0.039138,0.158857,0.055188
3991.000000,0.281042,0.128048,-0.084918,-0.070260,0.028866,-0.003728,0.130241,-0.038392,0.135782,0.047225
3992.000000,0.267981,0.117162,-0.122575,-0.193682,0.081346,0.006553,-0.032340,0.001370,0.032369,0.011291
3993.000000,0.298880,0.148879,-0.035370,-0.138186,0.051258,0.013583,-0.213926,0.055733,0.221067,0.076498
3994.000000,0.342983,0.193095,0.117965,0.052250,-0.029588,0.007221,-0.241848,0.069125,0.251533,0.086831
3995.000000,0.393564,0.261201,0.179519,0.203517,-0.088687,0.010770,-0.079997,0.028344,0.084870,0.029573
3996.000000,0.429409,0.321172,0.096543,0.254628,-0.096753,0.024260,0.183394,-0.045308,0.188908,0.065514
3997.000000,0.356406,0.201183,-0.172909,-0.078620,0.048700,0.019725,0.246866,-0.075582,0.258177,0.089074
3998.000000,0.361212,0.187504,-0.155143,-0.221647,0.100636,0.027517,0.060645,-0.022948,0.064842,0.022606
3999.000000,0.416428,0.225996,0.001015,-0.081518,0.023278,0.024002,-0.096294,0.030087,0.100885,0.035137
4000.000000,0.446937,0.245525,0.071957,0.052393,-0.032702,0.012580,-0.098137,0.030062,0.102638,0.035745
4001.000000,0.444215,0.236501,0.042161,0.064784,-0.028034,0.006069,-0.030076,0.007275,0.030943,0.010794
4002.000000,0.435737,0.227318,0.027311,0.065130,-0.021702,0.001285,0.043656,-0.011776,0.045216,0.015769
4003.000000,0.410684,0.191224,-0.036823,-0.020052,0.010619,-0.002306,0.060263,-0.017583,0.062776,0.021887
4004.000000,0.389484,0.161943,-0.079833,-0.128922,0.052800,-0.000446,-0.035643,0.004755,0.035959,0.012542
4005.000000,0.408409,0.187570,0.031986,-0.023952,0.009117,-0.002556,-0.111390,0.030609,0.115519,0.040212
4006.000000,0.428888,0.216731,0.087785,0.088520,-0.038867,-0.005480,-0.062859,0.020857,0.066229,0.023089
4007.000000,0.435261,0.233912,0.060304,0.127543,-0.053822,-0.003366,0.063912,-0.013871,0.065400,0.022800
4008.000000,0.398368,0.190593,-0.048447,0.010557,-0.001916,-0.004118,0.130112,-0.037442,0.135392,0.047091
4009.000000,0.364529,0.148692,-0.125756,-0.170361,0.074470,0.001255,0.020433,-0.013075,0.024258,0.008462
4010.000000,0.394272,0.185795,0.019403,-0.043769,0.017638,0.001176,-0.087741,0.025461,0.091361,0.031829
4011.000000,0.440698,0.247648,0.123842,0.155009,-0.069381,-0.000619,-0.003551,0.009394,0.010043,0.003504
4012.000000,0.400356,0.190384,-0.058390,-0.007120,0.000142,-0.001123,0.063443,-0.021200,0.066891,0.023319
4013.000000,0.375521,0.163085,-0.066214,-0.093848,0.044432,-0.001193,-0.002975,-0.005219,0.006007,0.002096
4014.000000,0.390098,0.182438,0.030555,-0.006916,0.005565,-0.003731,-0.051098,0.015627,0.053434,0.018633
4015.000000,0.399967,0.194954,0.046132,0.054887,-0.026483,-0.006271,-0.017345,0.008337,0.019245,0.006714
4016.000000,0.380185,0.172424,-0.014644,0.002621,-0.003943,-0.007418,0.009843,-0.004262,0.010726,0.003742
4017.000000,0.364647,0.161062,-0.012342,-0.016866,0.009457,-0.008482,-0.000302,-0.002253,0.002273,0.000793
4018.000000,0.347700,0.141536,-0.038434,-0.076465,0.033094,-0.007193,-0.059680,0.012665,0.061009,0.021271
4019.000000,0.355611,0.155295,0.025005,-0.014877,0.006545,-0.007893,-0.105239,0.028423,0.109010,0.037956
4020.000000,0.418109,0.252713,0.165905,0.226805,-0.095016,-0.001964,0.040560,-0.000418,0.040562,0.014147
4021.000000,0.386199,0.214103,-0.036477,0.084672,-0.034595,0.004341,0.202227,-0.055117,0.209604,0.072591
4022.000000,0.334739,0.146039,-0.166715,-0.171400,0.079286,0.007528,0.125576,-0.043556,0.132915,0.046234
4023.000000,0.359661,0.172513,-0.054188,-0.133637,0.057273,0.013259,-0.043456,0.010462,0.044698,0.015589
4024.000000,0.393415,0.201602,0.046844,0.004379,-0.009852,0.006939,-0.102041,0.031923,0.106918,0.037230
4025.000000,0.392198,0.192896,0.025375,0.016327,-0.013267,0.001605,-0.088797,0.023439,0.091838,0.031995
4026.000000,0.369758,0.160011,-0.024287,-0.064231,0.027233,-0.000608,-0.124413,0.027644,0.127447,0.044343
4027.000000,0.401498,0.209052,0.122117,0.105895,-0.038534,-0.003873,-0.082815,0.026481,0.086946,0.030295
4028.000000,0.434601,0.259961,0.104837,0.193681,-0.081034,0.002906,0.096166,-0.017976,0.097832,0.034077
4029.000000,0.386464,0.194664,-0.082195,0.008453,-0.001802,0.003048,0.191337,-0.054828,0.199038,0.068982
4030.000000,0.358909,0.163666,-0.097973,-0.094476,0.045425,0.002147,0.131410,-0.039898,0.137333,0.047762
4031.000000,0.358481,0.162137,-0.080364,-0.135132,0.056509,0.005800,-0.003137,-0.001794,0.003614,0.001261
4032.000000,0.370470,0.168903,-0.058562,-0.151403,0.054897,0.010105,-0.166685,0.041881,0.171866,0.059665
4033.000000,0.416767,0.223606,0.129589,0.071364,-0.034680,0.003495,-0.188190,0.054820,0.196012,0.067947
4034.000000,0.496845,0.338857,0.202708,0.291479,-0.122558,0.014642,0.040402,-0.000138,0.040402,0.014092
4035.000000,0.430003,0.232870,-0.119541,-0.014091,0.014069,0.014019,0.165327,-0.052603,0.173494,0.060224
4036.000000,0.410111,0.190776,-0.151123,-0.215437,0.099712,0.019243,0.013997,-0.013277,0.019292,0.006730
4037.000000,0.465159,0.234799,0.053592,-0.033109,0.008715,0.014455,-0.107672,0.034577,0.113088,0.039369
4038.000000,0.513110,0.284583,0.125572,0.152030,-0.072890,0.008047,-0.020485,0.013751,0.024672,0.008607
4039.000000,0.482967,0.240587,-0.030966,0.046202,-0.019846,0.004742,0.080941,-0.025242,0.084786,0.029544
4040.000000,0.446280,0.191949,-0.085558,-0.088642,0.044350,0.001538,0.042655,-0.018181,0.046368,0.016171
4041.000000,0.458671,0.207183,0.018504,-0.010115,0.007632,-0.002644,-0.005223,0.003660,0.006378,0.002225
4042.000000,0.452277,0.195540,-0.006061,-0.017826,0.002277,-0.006285,-0.021896,0.006869,0.022948,0.008005
4043.000000,0.433405,0.174853,-0.037209,-0.073078,0.027388,-0.007169,-0.079356,0.016992,0.081155,0.028282
4044.000000,0.449375,0.207633,0.077012,0.056115,-0.019815,-0.010150,-0.075505,0.021884,0.078612,0.027398
4045.000000,0.461752,0.233602,0.076278,0.123223,-0.051242,-0.008767,0.033388,-0.004163,0.033647,0.011736
4046.000000,0.429138,0.196243,-0.036962,0.019236,-0.009105,-0.008449,0.103516,-0.029029,0.107509,0.037435
4047.000000,0.397320,0.163795,-0.077849,-0.086995,0.038342,-0.007665,0.053969,-0.019125,0.057257,0.019965
4048.000000,0.395366,0.168270,-0.030858,-0.077560,0.033677,-0.006108,-0.038436,0.008615,0.039390,0.013739
4049.000000,0.414982,0.198445,0.055649,0.044283,-0.020112,-0.008783,-0.044519,0.015682,0.047200,0.016461
4050.000000,0.412616,0.201350,0.031494,0.065512,-0.030630,-0.009149,0.020122,-0.003424,0.020411,0.007120
4051.000000,0.379031,0.163187,-0.050337,-0.042701,0.017779,-0.009150,0.021717,-0.010117,0.023958,0.008358
4052.000000,0.360441,0.144352,-0.063566,-0.124980,0.054849,-0.004763,-0.082129,0.016122,0.083696,0.029166
4053.000000,0.398837,0.198955,0.103293,0.072148,-0.028431,-0.007205,-0.091416,0.029717,0.096125,0.033484
4054.000000,0.409166,0.215017,0.065483,0.110507,-0.050403,-0.005365,0.016354,-0.000043,0.016354,0.005705
4055.000000,0.383059,0.188075,-0.017455,0.038893,-0.016097,-0.005119,0.093762,-0.026730,0.097498,0.033961
4056.000000,0.360338,0.168152,-0.032548,-0.006437,0.006882,-0.006629,0.107549,-0.030359,0.111752,0.038906
4057.000000,0.339965,0.145908,-0.065486,-0.081321,0.034613,-0.005618,0.049887,-0.015612,0.052273,0.018228
4058.000000,0.338350,0.148193,-0.041992,-0.084373,0.033153,-0.003827,-0.044466,0.010227,0.045627,0.015913
4059.000000,0.343618,0.156600,0.000200,-0.044201,0.015731,-0.004447,-0.113293,0.029357,0.117035,0.040737
4060.000000,0.357350,0.178574,0.065993,0.049378,-0.020858,-0.006716,-0.100571,0.028527,0.104539,0.036405
4061.000000,0.360658,0.188409,0.060173,0.081999,-0.033973,-0.006425,-0.022546,0.007946,0.023905,0.008339
4062.000000,0.346402,0.175817,0.013933,0.049407,-0.019310,-0.006127,0.048681,-0.012931,0.050369,0.017565
4063.000000,0.324468,0.152491,-0.025717,-0.010145,0.005936,-0.006735,0.064772,-0.018710,0.067420,0.023503
4064.000000,0.314776,0.146434,-0.018066,-0.017489,0.008250,-0.007358,0.048381,-0.013089,0.050120,0.017478
4065.000000,0.312490,0.150177,-0.001182,0.008191,-0.004267,-0.008159,0.045919,-0.010946,0.047206,0.016463
4066.000000,0.301326,0.142008,-0.017999,-0.006076,0.000628,-0.008393,0.045732,-0.012317,0.047362,0.016517
4067.000000,0.279067,0.117616,-0.068560,-0.097168,0.039400,-0.005674,-0.022516,0.001415,0.022560,0.007870
4068.000000,0.279482,0.120902,-0.041726,-0.108954,0.045388,-0.001155,-0.140755,0.033670,0.144726,0.050315
4069.000000,0.313042,0.164837,0.092599,0.056198,-0.023670,-0.003511,-0.153299,0.044614,0.159659,0.055465
4070.000000,0.360398,0.235817,0.147369,0.206815,-0.088371,0.003570,0.011928,0.005031,0.012946,0.004516
4071.000000,0.338987,0.213167,-0.002434,0.107882,-0.041350,0.009130,0.179722,-0.048879,0.186250,0.064603
4072.000000,0.286122,0.137239,-0.151085,-0.152124,0.072190,0.010533,0.126643,-0.043186,0.133804,0.046542
4073.000000,0.305836,0.154110,-0.073766,-0.157601,0.067211,0.017570,-0.049508,0.010887,0.050691,0.017677
4074.000000,0.354761,0.200940,0.074830,0.038611,-0.024106,0.010621,-0.096090,0.032329,0.101383,0.035309
4075.000000,0.364241,0.206081,0.051607,0.080571,-0.040296,0.006641,-0.023772,0.008561,0.025267,0.008814
4076.000000,0.343796,0.180256,-0.005408,0.026177,-0.008453,0.003322,0.031135,-0.011215,0.033093,0.011543
4077.000000,0.319171,0.145088,-0.050803,-0.071045,0.034053,0.001793,-0.004603,-0.003031,0.005511,0.001923
4078.000000,0.330058,0.157663,0.020310,-0.007944,0.004732,-0.000870,-0.042833,0.013083,0.044787,0.015620
4079.000000,0.341532,0.172520,0.046147,0.057875,-0.026974,-0.003179,-0.007511,0.005525,0.009324,0.003253
4080.000000,0.333741,0.167374,0.014104,0.053030,-0.023808,-0.003704,0.055028,-0.013948,0.056768,0.019794
4081.000000,0.307314,0.137937,-0.041408,-0.027811,0.013053,-0.004316,0.060873,-0.019236,0.063840,0.022257
4082.000000,0.290067,0.118514,-0.065442,-0.105127,0.045574,-0.001650,-0.022761,0.001856,0.022837,0.007966
4083.000000,0.314091,0.152538,0.045526,0.022388,-0.009083,-0.003529,-0.056309,0.018184,0.059172,0.020632
4084.000000,0.319601,0.160735,0.038969,0.059690,-0.028376,-0.004321,-0.005724,0.004275,0.007144,0.002492
4085.000000,0.292864,0.127086,-0.039445,-0.036146,0.013671,-0.004376,-0.002468,-0.003023,0.003903,0.001361
4086.000000,0.289715,0.130347,0.004356,-0.012563,0.008926,-0.005193,-0.027686,0.006135,0.028358,0.009892
4087.000000,0.299863,0.148175,0.045188,0.054818,-0.021602,-0.006107,0.003440,0.002268,0.004120,0.001437
4088.000000,0.286222,0.132078,-0.007555,0.013078,-0.008037,-0.005940,0.037650,-0.009760,0.038894,0.013566
4089.000000,0.279242,0.132493,0.005373,0.024976,-0.009741,-0.006362,0.060634,-0.015935,0.062693,0.021858
4090.000000,0.251783,0.098806,-0.071940,-0.092474,0.038383,-0.004001,0.009872,-0.007028,0.012118,0.004228
4091.000000,0.256931,0.110161,-0.019981,-0.062145,0.026770,-0.002238,-0.074762,0.018486,0.077014,0.026842
4092.000000,0.282553,0.146331,0.070340,0.067664,-0.029005,-0.003798,-0.057885,0.019695,0.061144,0.021318
4093.000000,0.275048,0.137123,0.018046,0.043598,-0.021123,-0.003288,0.002799,-0.000059,0.002800,0.000977
4094.000000,0.261913,0.126958,0.003059,0.022192,-0.007611,-0.003713,0.037946,-0.011173,0.039557,0.013797
4095.000000,0.252770,0.121297,0.001408,0.014276,-0.003279,-0.004319,0.057869,-0.015294,0.059856,0.020870
4096.000000,0.241140,0.109390,-0.020358,-0.015729,0.006406,-0.004502,0.053919,-0.014452,0.055822,0.019465
4097.000000,0.225633,0.091621,-0.057210,-0.082414,0.032621,-0.002610,-0.008890,-0.000640,0.008913,0.003109
4098.000000,0.222843,0.089057,-0.062823,-0.123586,0.049519,0.002346,-0.130086,0.030295,0.133567,0.046460
4099.000000,0.254651,0.129818,0.066366,0.028259,-0.012571,0.000262,-0.168101,0.047308,0.174631,0.060615
4100.000000,0.324401,0.233100,0.185872,0.250750,-0.105979,0.009592,0.013819,0.007046,0.015512,0.005411
4101.000000,0.303518,0.210305,-0.002759,0.125457,-0.046642,0.018156,0.213218,-0.058261,0.221035,0.076487
4102.000000,0.254720,0.140925,-0.114756,-0.074416,0.043604,0.014632,0.219975,-0.065728,0.229585,0.079395
4103.000000,0.251902,0.127027,-0.147898,-0.226118,0.099277,0.025405,0.033002,-0.015554,0.036484,0.012725
4104.000000,0.302314,0.168498,-0.033622,-0.128419,0.041456,0.028341,-0.156846,0.044090,0.162925,0.056589
4105.000000,0.340107,0.195289,0.074267,0.020166,-0.021827,0.018221,-0.201338,0.057589,0.209412,0.072526
4106.000000,0.338972,0.179093,0.048880,0.015216,-0.011376,0.011106,-0.180810,0.046757,0.186758,0.064777
4107.000000,0.382717,0.243454,0.162717,0.185276,-0.072830,0.010226,-0.048694,0.018936,0.052246,0.018219
4108.000000,0.419663,0.300639,0.091294,0.241988,-0.092788,0.021484,0.197930,-0.047008,0.203436,0.070485
4109.000000,0.354208,0.196795,-0.151891,-0.040685,0.028694,0.017564,0.281182,-0.082272,0.292971,0.100754
4110.000000,0.346026,0.172177,-0.200292,-0.266888,0.120782,0.029668,0.081842,-0.032409,0.088025,0.030670
4111.000000,0.417183,0.228990,0.002657,-0.086598,0.026252,0.028779,-0.099489,0.031353,0.104312,0.036326
4112.000000,0.455709,0.253878,0.084341,0.069804,-0.041204,0.016167,-0.091874,0.029927,0.096625,0.033658
4113.000000,0.439871,0.221097,0.005985,0.017328,-0.009862,0.008493,-0.047545,0.009649,0.048514,0.016919
4114.000000,0.418332,0.186063,-0.022068,-0.056920,0.028075,0.003607,-0.077674,0.015909,0.079286,0.027632
4115.000000,0.423823,0.187345,0.037867,-0.015016,0.008837,-0.000794,-0.114119,0.031002,0.118255,0.041160
4116.000000,0.454185,0.228727,0.112887,0.121411,-0.052202,-0.003256,-0.039288,0.016851,0.042749,0.014910
4117.000000,0.453765,0.234275,0.039245,0.121623,-0.052570,-0.000733,0.098641,-0.023690,0.101446,0.035331
4118.000000,0.418232,0.195453,-0.051944,0.023528,-0.006010,-0.002358,0.170808,-0.048099,0.177451,0.061584
4119.000000,0.390721,0.166393,-0.079203,-0.061467,0.029677,-0.003777,0.140347,-0.040010,0.145939,0.050734
4120.000000,0.378051,0.154073,-0.099541,-0.147435,0.060490,0.000915,0.012831,-0.007247,0.014736,0.005141
4121.000000,0.392178,0.171589,-0.037809,-0.117618,0.043849,0.004222,-0.134094,0.033947,0.138324,0.048104
4122.000000,0.418739,0.202778,0.079241,0.024546,-0.014119,-0.000852,-0.171821,0.048097,0.178426,0.061919
4123.000000,0.442146,0.237542,0.118832,0.129699,-0.055324,-0.001970,-0.073010,0.023527,0.076707,0.026735
4124.000000,0.442906,0.246714,0.056763,0.132345,-0.052940,0.000697,0.075913,-0.018215,0.078068,0.027208
4125.000000,0.395800,0.182569,-0.083072,-0.047612,0.023892,-0.001101,0.105062,-0.033091,0.110150,0.038351
4126.000000,0.384103,0.169865,-0.058821,-0.092613,0.042053,-0.000807,0.020717,-0.008345,0.022335,0.007791
4127.000000,0.399589,0.189822,0.020617,-0.003070,-0.000555,-0.003903,-0.024190,0.009210,0.025884,0.009029
4128.000000,0.388734,0.174961,-0.015683,-0.027310,0.006497,-0.006190,-0.043994,0.010693,0.045275,0.015790
4129.000000,0.389120,0.184568,0.030939,0.027055,-0.010283,-0.008499,-0.038445,0.010115,0.039753,0.013865
4130.000000,0.387855,0.191118,0.038526,0.059989,-0.023375,-0.009327,0.014463,-0.002206,0.014630,0.005104
4131.000000,0.377797,0.186044,0.011382,0.053382,-0.022149,-0.009199,0.078291,-0.019360,0.080649,0.028106
4132.000000,0.356144,0.166389,-0.028944,0.004916,-0.002335,-0.009451,0.106534,-0.028844,0.110370,0.038427
4133.000000,0.322399,0.126884,-0.134511,-0.190706,0.079153,-0.000930,-0.019374,-0.003214,0.019639,0.006851
4134.000000,0.348365,0.159672,-0.024305,-0.128571,0.051266,0.006620,-0.193507,0.049441,0.199723,0.069216
4135.000000,0.416620,0.245845,0.190379,0.160187,-0.071286,0.002890,-0.144502,0.047967,0.152255,0.052913
4136.000000,0.471392,0.324253,0.135034,0.262942,-0.111018,0.017404,0.105372,-0.020735,0.107393,0.037395
4137.000000,0.402211,0.219157,-0.133470,-0.024140,0.021499,0.014910,0.210039,-0.065254,0.219942,0.076115
4138.000000,0.387120,0.182165,-0.175072,-0.249824,0.115266,0.024589,0.030750,-0.018570,0.035922,0.012530
4139.000000,0.451269,0.229737,0.027863,-0.078949,0.023830,0.023115,-0.137233,0.042177,0.143568,0.049915
4140.000000,0.498544,0.269719,0.125691,0.110572,-0.058659,0.012376,-0.098613,0.033676,0.104205,0.036289
4141.000000,0.497925,0.265496,0.048180,0.113145,-0.048559,0.008956,0.028731,-0.007827,0.029778,0.010387
4142.000000,0.455934,0.205483,-0.063768,-0.035359,0.021968,0.003546,0.057236,-0.021330,0.061081,0.021297
4143.000000,0.450286,0.196259,-0.015855,-0.035758,0.020215,-0.000793,0.016749,-0.004829,0.017431,0.006081
4144.000000,0.463736,0.213768,0.038215,0.049912,-0.022941,-0.005337,0.033804,-0.004368,0.034085,0.011889
4145.000000,0.442686,0.189485,-0.032812,-0.004239,-0.003045,-0.007661,0.054173,-0.015307,0.056294,0.019629
4146.000000,0.412107,0.157029,-0.092004,-0.132349,0.055472,-0.004722,-0.036749,0.002471,0.036832,0.012847
4147.000000,0.423408,0.175714,0.008950,-0.068131,0.030764,-0.003454,-0.143824,0.036812,0.148460,0.051604
4148.000000,0.457027,0.221725,0.122097,0.098756,-0.042383,-0.006692,-0.108861,0.034872,0.114310,0.039793
4149.000000,0.479991,0.261136,0.097082,0.172630,-0.074793,-0.001406,0.052889,-0.008562,0.053578,0.018683
4150.000000,0.453299,0.236568,-0.021506,0.096633,-0.036198,0.000926,0.197628,-0.053666,0.204785,0.070946
4151.000000,0.400412,0.167909,-0.150633,-0.133340,0.062474,0.001550,0.152348,-0.048214,0.159795,0.055512
4152.000000,0.409592,0.176511,-0.130351,-0.242957,0.101136,0.017105,-0.071645,0.012763,0.072773,0.025366
4153.000000,0.465727,0.226916,0.064396,-0.045193,0.007494,0.013790,-0.213534,0.061614,0.222245,0.076899
4154.000000,0.521989,0.292631,0.184156,0.175130,-0.081685,0.008379,-0.115699,0.038892,0.122061,0.042478
4155.000000,0.499882,0.258289,0.017170,0.073819,-0.029346,0.006479,0.015141,-0.006928,0.016651,0.005809
4156.000000,0.476187,0.227861,-0.013084,0.020919,-0.000408,0.000225,0.063279,-0.019182,0.066122,0.023052
4157.000000,0.476951,0.231496,0.016847,0.061823,-0.022300,-0.004575,0.114516,-0.026909,0.117635,0.040945
4158.000000,0.448715,0.196090,-0.067422,-0.028467,0.007999,-0.007135,0.124167,-0.033721,0.128664,0.044764
4159.000000,0.428202,0.181248,-0.075328,-0.082365,0.033143,-0.007235,0.055757,-0.018403,0.058716,0.020473
4160.000000,0.422215,0.182093,-0.044217,-0.087783,0.036792,-0.006004,-0.041315,0.008207,0.042122,0.014691
4161.000000,0.418219,0.176485,-0.034227,-0.114228,0.045003,-0.003448,-0.158683,0.038784,0.163354,0.056737
4162.000000,0.433184,0.194602,0.063541,-0.021097,0.007272,-0.005778,-0.225974,0.059887,0.233775,0.080817
4163.000000,0.496193,0.290805,0.215533,0.221024,-0.092634,-0.002703,-0.086660,0.032243,0.092464,0.032212
4164.000000,0.511692,0.320893,0.062675,0.207074,-0.083562,0.009750,0.153919,-0.037814,0.158496,0.055064
4165.000000,0.444902,0.224036,-0.146272,-0.052011,0.031600,0.005992,0.214325,-0.064964,0.223954,0.077481
4166.000000,0.433664,0.205706,-0.115906,-0.144087,0.067038,0.007322,0.092975,-0.029132,0.097432,0.033938
4167.000000,0.456725,0.225645,-0.019571,-0.066029,0.022586,0.004440,-0.018068,0.007192,0.019447,0.006784
4168.000000,0.462234,0.228305,0.006479,-0.014303,-0.001234,-0.001757,-0.058090,0.016121,0.060285,0.021019
4169.000000,0.450057,0.214373,0.001463,-0.022100,0.007824,-0.005994,-0.079572,0.018366,0.081664,0.028459
4170.000000,0.449068,0.219860,0.048133,0.027963,-0.008059,-0.009568,-0.071134,0.018808,0.073578,0.025647
4171.000000,0.446786,0.222367,0.047479,0.054572,-0.021555,-0.011381,-0.021589,0.007595,0.022886,0.007984
4172.000000,0.426774,0.201343,-0.004455,0.008063,-0.004319,-0.012324,0.009061,-0.003167,0.009599,0.003349
4173.000000,0.406765,0.184029,-0.020586,-0.030523,0.013409,-0.012779,-0.007783,-0.000253,0.007787,0.002717
4174.000000,0.408332,0.197811,0.031669,0.032343,-0.011552,-0.013902,-0.000126,0.001533,0.001538,0.000537
4175.000000,0.407069,0.206499,0.028839,0.068634,-0.029776,-0.013416,0.061212,-0.013308,0.062642,0.021840
4176.000000,0.383624,0.186164,-0.027390,0.017986,-0.009410,-0.012775,0.105406,-0.028326,0.109146,0.038003
4177.000000,0.349469,0.151342,-0.093858,-0.112474,0.047159,-0.009381,0.038150,-0.015740,0.041269,0.014394
4178.000000,0.351032,0.161152,-0.039984,-0.104915,0.044914,-0.004758,-0.084402,0.019590,0.086646,0.030191
4179.000000,0.379396,0.199970,0.077677,0.047954,-0.021320,-0.007346,-0.100719,0.030927,0.105360,0.036690
4180.000000,0.373524,0.192303,0.032047,0.040643,-0.020636,-0.008122,-0.051254,0.014203,0.053186,0.018546
4181.000000,0.364906,0.190166,0.029711,0.049362,-0.018858,-0.008777,0.000768,-0.000622,0.000988,0.000345
4182.000000,0.350587,0.178742,0.006673,0.027931,-0.009015,-0.009257,0.042445,-0.011443,0.043960,0.015332
4183.000000,0.331603,0.158582,-0.027301,-0.022564,0.009733,-0.009416,0.040238,-0.011731,0.041913,0.014618
4184.000000,0.333710,0.170925,0.017005,0.031910,-0.013028,-0.010219,0.051437,-0.011655,0.052741,0.018391
4185.000000,0.313563,0.149577,-0.036374,-0.025682,0.008273,-0.009835,0.049025,-0.014202,0.051041,0.017799
4186.000000,0.291949,0.127314,-0.081330,-0.125736,0.051688,-0.005198,-0.047470,0.006914,0.047971,0.016729
4187.000000,0.325324,0.178353,0.077921,0.055969,-0.021134,-0.006761,-0.067960,0.021942,0.071414,0.024894
4188.000000,0.326483,0.180328,0.038518,0.067055,-0.031095,-0.006215,0.003077,0.001805,0.003567,0.001245
4189.000000,0.292229,0.135222,-0.063616,-0.070292,0.028071,-0.005260,-0.013262,-0.001791,0.013382,0.004669
4190.000000,0.296942,0.148958,0.017452,-0.011611,0.009170,-0.005953,-0.053667,0.013579,0.055358,0.019303
4191.000000,0.315792,0.177696,0.070182,0.086092,-0.035322,-0.006475,-0.001053,0.005028,0.005137,0.001792
4192.000000,0.296570,0.153010,-0.014217,0.017488,-0.010470,-0.005809,0.050605,-0.013760,0.052442,0.018287
4193.000000,0.278645,0.137321,-0.026127,-0.020539,0.009713,-0.006146,0.044927,-0.014217,0.047123,0.016434
4194.000000,0.273420,0.137216,-0.005792,-0.008693,0.005706,-0.006638,0.029612,-0.007986,0.030670,0.010698
4195.000000,0.265494,0.129684,-0.017843,-0.022277,0.008204,-0.006714,0.010608,-0.002932,0.011006,0.003840
4196.000000,0.263399,0.132367,0.000546,-0.001175,-0.000564,-0.007097,-0.000463,0.000387,0.000603,0.000211
4197.000000,0.245968,0.111038,-0.044645,-0.068954,0.027211,-0.005604,-0.047526,0.009267,0.048421,0.016886
4198.000000,0.265057,0.144031,0.056718,0.050162,-0.018583,-0.006563,-0.045641,0.014519,0.047895,0.016703
4199.000000,0.253978,0.128832,0.002612,0.011597,-0.006569,-0.006193,-0.014678,0.003936,0.015197,0.005302
4200.000000,0.240833,0.115122,-0.014445,-0.021706,0.009069,-0.006003,-0.023986,0.004422,0.024390,0.008508
4201.000000,0.244322,0.125956,0.027409,0.024951,-0.008252,-0.006478,-0.017238,0.005428,0.018072,0.006305
4202.000000,0.242833,0.127739,0.021575,0.037899,-0.015951,-0.006214,0.019862,-0.003673,0.020199,0.007046
4203.000000,0.246776,0.142271,0.037660,0.081032,-0.033545,-0.004865,0.092109,-0.021563,0.094599,0.032954
4204.000000,0.215694,0.104718,-0.053735,-0.035316,0.014209,-0.003755,0.105862,-0.030763,0.110241,0.038383
4205.000000,0.196775,0.084614,-0.098880,-0.149216,0.063247,0.002606,-0.010942,-0.003146,0.011385,0.003972
4206.000000,0.215590,0.106832,-0.038576,-0.110205,0.043451,0.007620,-0.153780,0.039384,0.158743,0.055149
4207.000000,0.274745,0.182626,0.144830,0.139989,-0.062251,0.005204,-0.109958,0.037556,0.116195,0.040446
4208.000000,0.283606,0.194639,0.066409,0.135217,-0.059286,0.010212,0.045775,-0.009524,0.046755,0.016306
4209.000000,0.240759,0.134837,-0.064100,-0.035826,0.020184,0.008500,0.084014,-0.028573,0.088740,0.030919
4210.000000,0.238187,0.131370,-0.016552,-0.030997,0.019720,0.005763,0.046372,-0.013225,0.048221,0.016817
4211.000000,0.242591,0.131605,-0.004280,-0.011154,0.003236,0.002958,0.024461,-0.004388,0.024851,0.008669
4212.000000,0.230401,0.111912,-0.050940,-0.070982,0.024525,0.002327,-0.028459,0.005234,0.028936,0.010094
4213.000000,0.240825,0.129730,0.020096,0.003597,-0.001196,0.000127,-0.058830,0.015632,0.060871,0.021223
4214.000000,0.248692,0.141964,0.043745,0.055371,-0.022393,-0.001330,-0.019838,0.007352,0.021157,0.007380
4215.000000,0.228228,0.112060,-0.028333,-0.028403,0.010589,-0.001629,-0.013381,0.001356,0.013450,0.004692
4216.000000,0.242005,0.138360,0.052583,0.065047,-0.024271,-0.002903,0.017342,-0.002094,0.017468,0.006094
4217.000000,0.229163,0.122564,-0.003077,0.021323,-0.009618,-0.002739,0.061816,-0.015950,0.063841,0.022257
4218.000000,0.203402,0.089432,-0.074626,-0.096021,0.039273,-0.000660,0.006964,-0.006516,0.009537,0.003327
4219.000000,0.212941,0.105486,-0.007445,-0.044124,0.019658,-0.000035,-0.067163,0.017125,0.069312,0.024162
4220.000000,0.237394,0.138927,0.067479,0.073985,-0.031591,-0.001485,-0.037659,0.014443,0.040334,0.014068
4221.000000,0.237829,0.142371,0.035760,0.079646,-0.035374,0.000016,0.050235,-0.011151,0.051458,0.017944
4222.000000,0.213774,0.115321,-0.023747,0.002992,0.000266,-0.000133,0.089079,-0.025924,0.092775,0.032320
4223.000000,0.191386,0.087609,-0.070463,-0.098122,0.043507,0.001880,0.024290,-0.010934,0.026638,0.009292
4224.000000,0.195362,0.090693,-0.058651,-0.119627,0.048642,0.006388,-0.101433,0.024334,0.104311,0.036326
4225.000000,0.247845,0.158874,0.115269,0.111112,-0.048919,0.003751,-0.081620,0.028989,0.086615,0.030180
4226.000000,0.253860,0.166917,0.053609,0.112523,-0.050494,0.006888,0.045529,-0.009405,0.046490,0.016213
4227.000000,0.209907,0.104985,-0.084018,-0.078590,0.035546,0.006750,0.044546,-0.019064,0.048454,0.016898
4228.000000,0.210345,0.104353,-0.039172,-0.090045,0.042354,0.008094,-0.052375,0.011031,0.053524,0.018664
4229.000000,0.250123,0.151608,0.084465,0.079566,-0.034279,0.004574,-0.040321,0.017396,0.043914,0.015315
4230.000000,0.265095,0.172087,0.059838,0.125198,-0.056314,0.006836,0.080653,-0.016938,0.082412,0.028719
4231.000000,0.222017,0.114001,-0.076802,-0.049109,0.022227,0.006282,0.105301,-0.033995,0.110652,0.038525
4232.000000,0.212069,0.103074,-0.061188,-0.098864,0.046857,0.007649,0.015878,-0.008420,0.017972,0.006270
4233.000000,0.225356,0.113659,-0.017197,-0.060773,0.023852,0.007145,-0.070660,0.019640,0.073339,0.025563
4234.000000,0.232055,0.114325,-0.008196,-0.042444,0.011277,0.004924,-0.127129,0.033880,0.131566,0.045768
4235.000000,0.259652,0.153934,0.092164,0.095897,-0.041058,0.002582,-0.081924,0.025310,0.085745,0.029878
4236.000000,0.263220,0.162769,0.057908,0.104957,-0.042765,0.004421,0.033119,-0.006797,0.033809,0.011793
4237.000000,0.246057,0.144586,0.002470,0.051821,-0.017663,0.004098,0.116430,-0.031417,0.120594,0.041970
4238.000000,0.229155,0.126040,-0.022159,0.006362,0.001119,0.002216,0.144536,-0.038796,0.149652,0.052015
4239.000000,0.202895,0.090149,-0.111339,-0.147607,0.061306,0.006297,0.047906,-0.018089,0.051207,0.017857
4240.000000,0.218228,0.108599,-0.075222,-0.153890,0.060272,0.013827,-0.123370,0.029547,0.126859,0.044139
4241.000000,0.262387,0.157465,0.077335,0.035636,-0.020381,0.009037,-0.170002,0.049764,0.177136,0.061476
4242.000000,0.312143,0.224929,0.150198,0.198488,-0.086382,0.012488,-0.019606,0.012946,0.023495,0.008196
4243.000000,0.275826,0.171323,-0.030641,0.032339,-0.010125,0.012881,0.093785,-0.029253,0.098241,0.034219
4244.000000,0.244580,0.121367,-0.104287,-0.140843,0.065654,0.013701,0.013828,-0.011320,0.017871,0.006234
4245.000000,0.273631,0.147951,0.015705,-0.038879,0.016430,0.011381,-0.077360,0.023145,0.080748,0.028140
4246.000000,0.325614,0.211335,0.123025,0.159205,-0.071353,0.009316,0.011897,0.005879,0.013270,0.004630
4247.000000,0.310512,0.191023,-0.001878,0.090570,-0.038487,0.011096,0.146114,-0.039482,0.151354,0.052602
4248.000000,0.265842,0.129832,-0.111057,-0.099444,0.048791,0.009760,0.120599,-0.040002,0.127060,0.044209
4249.000000,0.273865,0.136905,-0.043098,-0.085419,0.040207,0.010039,0.016894,-0.005605,0.017800,0.006209
4250.000000,0.276898,0.127852,-0.069742,-0.138708,0.050423,0.012276,-0.115433,0.028868,0.118988,0.041414
4251.000000,0.298780,0.146510,0.009542,-0.063983,0.018279,0.010097,-0.221984,0.058646,0.229600,0.079400
4252.000000,0.358746,0.227697,0.188677,0.181040,-0.077550,0.008220,-0.128846,0.041937,0.135499,0.047128
4253.000000,0.367463,0.239917,0.073403,0.153720,-0.062533,0.013971,0.058173,-0.013336,0.059682,0.020809
4254.000000,0.334463,0.193102,-0.037257,0.033504,-0.005847,0.010620,0.151380,-0.043579,0.157528,0.054731
4255.000000,0.311636,0.157913,-0.068142,-0.058356,0.030327,0.006918,0.127168,-0.036491,0.132300,0.046022
4256.000000,0.311817,0.154560,-0.045168,-0.061269,0.025018,0.004746,0.058749,-0.015630,0.060793,0.021196
4257.000000,0.313330,0.154908,-0.031242,-0.047128,0.015682,0.002241,-0.001288,0.000092,0.001291,0.000450
4258.000000,0.308002,0.147387,-0.031538,-0.060263,0.022315,0.000712,-0.063568,0.014497,0.065200,0.022731
4259.000000,0.310408,0.150141,0.007500,-0.030274,0.012538,-0.001240,-0.111813,0.028417,0.115368,0.040160
4260.000000,0.336635,0.188709,0.097923,0.101641,-0.041224,-0.003000,-0.057317,0.019723,0.060615,0.021134
4261.000000,0.338959,0.195651,0.049622,0.106831,-0.045384,-0.000579,0.061585,-0.013531,0.063054,0.021983
4262.000000,0.290219,0.126624,-0.111885,-0.120441,0.051244,0.001296,0.029875,-0.015803,0.033797,0.011789
4263.000000,0.306405,0.151439,0.009839,-0.033278,0.018048,0.000697,-0.048249,0.012961,0.049960,0.017422
4264.000000,0.329584,0.179925,0.066756,0.075396,-0.033388,-0.001925,-0.012847,0.008727,0.015531,0.005418
4265.000000,0.314145,0.158989,-0.008470,0.023954,-0.013935,-0.002604,0.038208,-0.010458,0.039613,0.013817
4266.000000,0.288226,0.128934,-0.054279,-0.065920,0.028703,-0.002592,0.004898,-0.006119,0.007838,0.002734
4267.000000,0.293249,0.140194,0.009732,-0.015363,0.009834,-0.003661,-0.035973,0.009543,0.037217,0.012981
4268.000000,0.320838,0.181590,0.081840,0.114494,-0.048018,-0.003807,0.034084,-0.002809,0.034200,0.011929
4269.000000,0.308029,0.169328,0.001637,0.072427,-0.032701,-0.001501,0.135859,-0.034734,0.140229,0.048762
4270.000000,0.262945,0.112474,-0.122641,-0.132547,0.057195,0.001488,0.079991,-0.029157,0.085139,0.029667
4271.000000,0.270231,0.121988,-0.098056,-0.195914,0.082487,0.013708,-0.112383,0.024072,0.114932,0.040009
4272.000000,0.321736,0.174443,0.077347,0.007018,-0.009458,0.009928,-0.197681,0.057896,0.205985,0.071356
4273.000000,0.359006,0.216688,0.130364,0.139814,-0.065518,0.008047,-0.099667,0.032679,0.104888,0.036526
4274.000000,0.358828,0.219523,0.057307,0.125189,-0.050794,0.010075,0.049198,-0.012657,0.050800,0.017715
4275.000000,0.324725,0.172936,-0.039316,0.004582,0.005726,0.006726,0.109951,-0.033090,0.114822,0.039971
4276.000000,0.304305,0.140578,-0.072896,-0.096391,0.044423,0.005863,0.047022,-0.015916,0.049643,0.017312
4277.000000,0.323334,0.162016,0.014069,-0.005874,0.001012,0.002493,-0.001562,0.003347,0.003694,0.001289
4278.000000,0.342234,0.188881,0.051978,0.094013,-0.042679,0.000243,0.059025,-0.011056,0.060052,0.020938
4279.000000,0.313805,0.153774,-0.044406,0.000035,-0.001183,-0.000782,0.102578,-0.029806,0.106821,0.037196
4280.000000,0.285842,0.120165,-0.101422,-0.137910,0.060444,0.002723,0.009758,-0.009542,0.013648,0.004761
4281.000000,0.299956,0.135141,-0.036285,-0.115340,0.047579,0.007084,-0.131298,0.033122,0.135411,0.047097
4282.000000,0.332862,0.169766,0.076374,0.031428,-0.017976,0.002716,-0.163213,0.047582,0.170007,0.059026
4283.000000,0.345288,0.183593,0.079205,0.085144,-0.039512,0.000999,-0.091110,0.026706,0.094943,0.033074
4284.000000,0.345554,0.190531,0.058862,0.100210,-0.039632,0.001390,0.015769,-0.003251,0.016101,0.005617
4285.000000,0.325851,0.168354,-0.001291,0.041372,-0.012867,0.000267,0.089921,-0.024665,0.093242,0.032483
4286.000000,0.315334,0.159384,-0.007105,0.029767,-0.009313,-0.001837,0.129101,-0.033240,0.133312,0.046371
4287.000000,0.298273,0.140778,-0.041447,-0.016923,0.006237,-0.003180,0.131544,-0.034990,0.136118,0.047342
4288.000000,0.273506,0.112415,-0.120839,-0.164147,0.066596,0.002723,0.013263,-0.009984,0.016601,0.005791
4289.000000,0.293824,0.139683,-0.035766,-0.111497,0.044314,0.007439,-0.137303,0.034536,0.141580,0.049229
4290.000000,0.352647,0.215145,0.149397,0.143144,-0.062694,0.003996,-0.092089,0.032926,0.097798,0.034065
4291.000000,0.342691,0.196841,0.024474,0.077916,-0.035954,0.005294,0.026632,-0.006785,0.027483,0.009587
4292.000000,0.304381,0.142851,-0.073592,-0.078884,0.036450,0.003860,0.009575,-0.009411,0.013426,0.004684
4293.000000,0.311380,0.151231,0.006122,-0.033896,0.018885,0.001893,-0.049747,0.012971,0.051410,0.017928
4294.000000,0.326194,0.166124,0.045901,0.038524,-0.018031,-0.001341,-0.039474,0.014303,0.041985,0.014643
4295.000000,0.332778,0.177873,0.044607,0.083147,-0.037648,-0.001897,0.034376,-0.006212,0.034933,0.012185
4296.000000,0.304982,0.144896,-0.034360,-0.006612,0.003069,-0.002569,0.068418,-0.021058,0.071585,0.024953
4297.000000,0.289331,0.130202,-0.035801,-0.045541,0.022374,-0.003067,0.034688,-0.011736,0.036620,0.012773
4298.000000,0.290736,0.134739,-0.004358,-0.018338,0.008290,-0.004068,0.001273,0.000434,0.001345,0.000469
4299.000000,0.286391,0.130104,-0.010654,-0.019769,0.005481,-0.004929,-0.020531,0.005520,0.021260,0.007417
4300.000000,0.282455,0.129496,0.000916,-0.007477,0.002065,-0.005738,-0.034739,0.008530,0.035771,0.012477
4301.000000,0.302111,0.166488,0.074522,0.106975,-0.042703,-0.005342,0.033940,-0.004879,0.034289,0.011960
4302.000000,0.274036,0.130772,-0.033829,-0.000847,-0.000655,-0.004266,0.082909,-0.023519,0.086180,0.030029
4303.000000,0.244374,0.092759,-0.132335,-0.196188,0.082096,0.004812,-0.049375,0.004201,0.049553,0.017281
4304.000000,0.279306,0.133852,0.006827,-0.079624,0.031386,0.008553,-0.193269,0.051658,0.200054,0.069329
4305.000000,0.346574,0.219289,0.181193,0.180682,-0.080379,0.007274,-0.107726,0.038772,0.114491,0.039856
4306.000000,0.368863,0.252433,0.084224,0.194804,-0.082001,0.017330,0.106280,-0.024644,0.109100,0.037987
4307.000000,0.324550,0.193310,-0.062285,0.036720,-0.003683,0.014916,0.220239,-0.064043,0.229362,0.079319
4308.000000,0.292033,0.140396,-0.141582,-0.162311,0.078080,0.016305,0.127035,-0.041148,0.133533,0.046448
4309.000000,0.318095,0.158855,-0.078950,-0.163912,0.064666,0.022414,-0.057965,0.014418,0.059731,0.020826
4310.000000,0.354728,0.186641,0.026280,-0.037826,0.003880,0.016177,-0.158456,0.045390,0.164829,0.057245
4311.000000,0.372739,0.200090,0.075536,0.052597,-0.028151,0.008672,-0.139899,0.038968,0.145225,0.050487
4312.000000,0.383767,0.215522,0.086637,0.107842,-0.043232,0.005767,-0.042750,0.013131,0.044721,0.015597
4313.000000,0.386727,0.223775,0.053953,0.121827,-0.046015,0.005636,0.088902,-0.021297,0.091417,0.031849
4314.000000,0.364789,0.195856,-0.024279,0.052648,-0.017730,0.003603,0.180449,-0.047999,0.186724,0.064765
4315.000000,0.325337,0.141203,-0.138127,-0.150914,0.065179,0.005671,0.102953,-0.034174,0.108477,0.037771
4316.000000,0.339704,0.156880,-0.093898,-0.190071,0.077017,0.015793,-0.093967,0.020519,0.096181,0.033504
4317.000000,0.385811,0.201239,0.068896,-0.005055,-0.005594,0.010452,-0.184666,0.053471,0.192252,0.066659
4318.000000,0.426796,0.249940,0.142013,0.152397,-0.069337,0.007362,-0.083882,0.028708,0.088659,0.030890
4319.000000,0.409617,0.224855,0.019534,0.076903,-0.030657,0.006581,0.038388,-0.011890,0.040187,0.014017
4320.000000,0.396016,0.211317,0.005149,0.061346,-0.017908,0.002456,0.115061,-0.031013,0.119167,0.041476
4321.000000,0.363610,0.163710,-0.082102,-0.076507,0.033977,0.000569,0.091846,-0.027556,0.095891,0.033403
4322.000000,0.362972,0.164531,-0.042827,-0.074953,0.030390,0.000107,0.006028,-0.002682,0.006598,0.002302
4323.000000,0.380239,0.189655,0.034903,0.033131,-0.015975,-0.003615,-0.006304,0.004738,0.007886,0.002751
4324.000000,0.355981,0.155943,-0.050475,-0.060661,0.021480,-0.004593,-0.031796,0.004943,0.032178,0.011224
4325.000000,0.349191,0.151691,-0.019494,-0.068457,0.029991,-0.004217,-0.105988,0.024539,0.108792,0.037880
4326.000000,0.371740,0.185215,0.085200,0.060932,-0.023108,-0.006715,-0.096724,0.029025,0.100985,0.035171
4327.000000,0.387460,0.211032,0.081278,0.123933,-0.053346,-0.004615,0.014896,0.000819,0.014918,0.005205
4328.000000,0.361622,0.181915,-0.016336,0.040420,-0.016915,-0.003799,0.099502,-0.027739,0.103296,0.035973
4329.000000,0.335520,0.155211,-0.046630,-0.029734,0.015844,-0.004954,0.098254,-0.028825,0.102395,0.035661
4330.000000,0.321422,0.141141,-0.055746,-0.078918,0.034080,-0.003954,0.031398,-0.010490,0.033104,0.011547
4331.000000,0.323956,0.147103,-0.023089,-0.056956,0.021727,-0.003723,-0.043426,0.011177,0.044841,0.015639
4332.000000,0.339571,0.172069,0.047134,0.044575,-0.020404,-0.005951,-0.039738,0.013290,0.041901,0.014614
4333.000000,0.326209,0.156787,0.000644,0.012290,-0.007032,-0.006634,-0.010858,0.002059,0.011051,0.003856
4334.000000,0.303009,0.128887,-0.045496,-0.072583,0.031121,-0.005629,-0.054131,0.009775,0.055007,0.019181
4335.000000,0.313092,0.146945,0.034705,0.002943,0.001804,-0.006600,-0.085851,0.023428,0.088990,0.031006
4336.000000,0.341753,0.191204,0.099374,0.129782,-0.054503,-0.005300,0.002952,0.005467,0.006213,0.002168
4337.000000,0.334929,0.189609,0.022927,0.104879,-0.045068,-0.000993,0.133566,-0.033443,0.137689,0.047885
4338.000000,0.283806,0.123120,-0.123067,-0.118825,0.052468,0.001097,0.101941,-0.034940,0.107763,0.037523
4339.000000,0.289151,0.132953,-0.063990,-0.130764,0.057874,0.006779,-0.040897,0.007486,0.041576,0.014501
4340.000000,0.318508,0.163003,0.035728,-0.007852,-0.000924,0.003707,-0.106509,0.032011,0.111215,0.038720
4341.000000,0.344653,0.196600,0.087856,0.110098,-0.050879,0.001705,-0.035840,0.014483,0.038656,0.013483
4342.000000,0.335364,0.189291,0.025418,0.086103,-0.035571,0.002492,0.073009,-0.019412,0.075546,0.026331
4343.000000,0.299269,0.142577,-0.062334,-0.046006,0.023775,0.001090,0.081781,-0.026453,0.085953,0.029950
4344.000000,0.286613,0.124605,-0.075256,-0.127974,0.055870,0.004405,-0.025580,0.002623,0.025714,0.008970
4345.000000,0.305630,0.143483,0.000032,-0.060101,0.021709,0.004184,-0.125045,0.034158,0.129626,0.045097
4346.000000,0.329954,0.172160,0.076174,0.059797,-0.029143,0.000387,-0.112394,0.033482,0.117275,0.040821
4347.000000,0.367967,0.233240,0.125312,0.196092,-0.081868,0.005608,0.047139,-0.006187,0.047543,0.016580
4348.000000,0.336652,0.195504,-0.026392,0.072186,-0.024840,0.007992,0.186045,-0.051646,0.193080,0.066943
4349.000000,0.290843,0.126057,-0.190588,-0.238679,0.107081,0.016642,0.058456,-0.027418,0.064567,0.022510
4350.000000,0.348100,0.183866,0.020154,-0.058825,0.021898,0.017520,-0.091347,0.028328,0.095639,0.033315
4351.000000,0.392694,0.227759,0.104294,0.116131,-0.057237,0.010746,-0.040096,0.018396,0.044115,0.015386
4352.000000,0.365882,0.183954,-0.029786,0.008094,-0.006617,0.007095,0.019209,-0.008760,0.021112,0.007365
4353.000000,0.342166,0.150989,-0.054488,-0.082418,0.039417,0.004943,-0.032449,0.002661,0.032558,0.011357
4354.000000,0.363687,0.177009,0.057029,0.030834,-0.009206,0.000602,-0.049831,0.016568,0.052513,0.018312
4355.000000,0.373955,0.187776,0.049679,0.076852,-0.035525,-0.001358,0.016191,-0.000001,0.016191,0.005648
4356.000000,0.347977,0.154650,-0.034468,-0.010078,0.001853,-0.002726,0.045000,-0.014499,0.047278,0.016488
4357.000000,0.337684,0.150034,-0.010151,-0.008013,0.006730,-0.004595,0.034970,-0.010822,0.036606,0.012768
4358.000000,0.338112,0.156552,0.014068,0.028414,-0.010194,-0.006249,0.050461,-0.011464,0.051747,0.018045
4359.000000,0.310203,0.119363,-0.079435,-0.100061,0.038485,-0.004372,-0.003769,-0.002985,0.004808,0.001677
4360.000000,0.307167,0.118007,-0.076065,-0.162265,0.065345,0.003695,-0.158859,0.036261,0.162945,0.056596
4361.000000,0.374918,0.209736,0.174351,0.142655,-0.059601,0.000800,-0.137433,0.044796,0.144549,0.050254
4362.000000,0.439118,0.303204,0.148281,0.275922,-0.116123,0.016945,0.113026,-0.020715,0.114909,0.040001
4363.000000,0.368314,0.195979,-0.137271,-0.029339,0.021800,0.016225,0.220130,-0.067716,0.230310,0.079641
4364.000000,0.353538,0.162829,-0.170716,-0.242102,0.112218,0.025741,0.043301,-0.022008,0.048573,0.016939
4365.000000,0.415872,0.210920,0.021702,-0.072219,0.022489,0.024094,-0.116771,0.036518,0.122348,0.042578
4366.000000,0.456437,0.242435,0.099730,0.089802,-0.049481,0.013652,-0.089083,0.030315,0.094100,0.032781
4367.000000,0.439100,0.211171,0.005798,0.031146,-0.015701,0.007705,-0.026282,0.004155,0.026608,0.009282
4368.000000,0.421442,0.187776,-0.002926,-0.005015,0.008067,0.002138,-0.015229,0.000954,0.015259,0.005323
4369.000000,0.434620,0.207950,0.059714,0.079451,-0.028856,-0.002106,0.035871,-0.005434,0.036280,0.012655
4370.000000,0.418854,0.186709,-0.014293,0.030317,-0.015434,-0.004039,0.093087,-0.023452,0.095996,0.033439
4371.000000,0.382503,0.142325,-0.110529,-0.135486,0.055144,-0.001692,0.015986,-0.011231,0.019537,0.006815
4372.000000,0.398526,0.169688,0.009716,-0.041700,0.019652,-0.002031,-0.074723,0.019615,0.077255,0.026925
4373.000000,0.413116,0.188704,0.056696,0.045960,-0.020910,-0.005431,-0.063089,0.020197,0.066243,0.023094
4374.000000,0.406441,0.183085,0.024874,0.044359,-0.021141,-0.006775,-0.011957,0.003933,0.012587,0.004391
4375.000000,0.404345,0.192903,0.037949,0.081590,-0.032202,-0.007148,0.063580,-0.015399,0.065418,0.022807
4376.000000,0.371459,0.154640,-0.050886,-0.027945,0.012688,-0.007368,0.082605,-0.024593,0.086188,0.030032
4377.000000,0.352641,0.136746,-0.067255,-0.100635,0.043133,-0.004979,0.001977,-0.004346,0.004775,0.001666
4378.000000,0.359377,0.149019,-0.009662,-0.059096,0.023866,-0.004194,-0.084365,0.021935,0.087170,0.030373
4379.000000,0.379083,0.178443,0.067207,0.056828,-0.025477,-0.006600,-0.073454,0.022953,0.076957,0.026822
4380.000000,0.387342,0.197285,0.063213,0.108316,-0.046657,-0.005197,0.025798,-0.003678,0.026059,0.009090
4381.000000,0.357500,0.163833,-0.027680,0.014329,-0.004806,-0.005062,0.085627,-0.025057,0.089218,0.031085
4382.000000,0.329057,0.131139,-0.075184,-0.098119,0.043873,-0.003420,0.026197,-0.011871,0.028761,0.010033
4383.000000,0.333181,0.138542,-0.026768,-0.081828,0.034546,-0.001409,-0.074230,0.018498,0.076500,0.026663
4384.000000,0.360352,0.175255,0.072449,0.058975,-0.026918,-0.004227,-0.072334,0.023726,0.076126,0.026533
4385.000000,0.384530,0.216105,0.089323,0.157220,-0.067827,-0.000566,0.060753,-0.010650,0.061679,0.021505
4386.000000,0.338466,0.156435,-0.070380,-0.018562,0.009388,-0.000163,0.120977,-0.037030,0.126517,0.044021
4387.000000,0.312758,0.123994,-0.123879,-0.186395,0.082542,0.007282,-0.012915,-0.004946,0.013830,0.004825
4388.000000,0.345722,0.157307,0.001630,-0.087683,0.033758,0.009907,-0.157664,0.043221,0.163481,0.056781
4389.000000,0.404119,0.227816,0.155818,0.150646,-0.069583,0.005956,-0.096259,0.034767,0.102345,0.035643
4390.000000,0.411561,0.238809,0.059801,0.147300,-0.063669,0.010202,0.072361,-0.017233,0.074385,0.025927
4391.000000,0.364553,0.174489,-0.075677,-0.025121,0.017925,0.006935,0.123348,-0.039243,0.129440,0.045032
4392.000000,0.353587,0.158734,-0.048356,-0.062169,0.032837,0.004307,0.069648,-0.020485,0.072598,0.025305
4393.000000,0.357408,0.158515,-0.023508,-0.047033,0.017330,0.001760,0.009201,-0.001135,0.009271,0.003234
4394.000000,0.358543,0.159628,-0.009103,-0.021947,0.004360,-0.001309,-0.027275,0.007516,0.028292,0.009869
4395.000000,0.343780,0.140678,-0.039692,-0.075053,0.028922,-0.001853,-0.087922,0.019310,0.090018,0.031362
4396.000000,0.359909,0.167294,0.061239,0.034466,-0.011546,-0.004646,-0.099483,0.027762,0.103284,0.035969
4397.000000,0.367733,0.180038,0.063667,0.078816,-0.033050,-0.005239,-0.030488,0.011196,0.032479,0.011329
4398.000000,0.361538,0.178164,0.029548,0.073711,-0.031060,-0.004568,0.055639,-0.013323,0.057212,0.019949
4399.000000,0.333034,0.145913,-0.038043,-0.015334,0.007631,-0.005092,0.079472,-0.023619,0.082908,0.028891
4400.000000,0.310680,0.120627,-0.078326,-0.116873,0.050320,-0.001944,-0.006288,-0.003224,0.007066,0.002465
4401.000000,0.339404,0.162585,0.054030,0.035551,-0.014117,-0.004044,-0.036389,0.013635,0.038860,0.013554
4402.000000,0.351132,0.181406,0.051561,0.095794,-0.043546,-0.003721,0.044616,-0.007504,0.045243,0.015779
4403.000000,0.332039,0.164408,-0.010247,0.050374,-0.021503,-0.003103,0.122952,-0.033138,0.127339,0.044306
4404.000000,0.288986,0.109342,-0.138929,-0.176236,0.076317,0.002999,0.027561,-0.016538,0.032142,0.011212
4405.000000,0.311218,0.133676,-0.069750,-0.183137,0.074227,0.015196,-0.176054,0.043180,0.181272,0.062896
4406.000000,0.395301,0.233078,0.197402,0.158964,-0.073391,0.009920,-0.152772,0.051969,0.161369,0.056054
4407.000000,0.406975,0.241006,0.071895,0.141059,-0.064200,0.013588,0.015863,-0.001707,0.015955,0.005566
4408.000000,0.372907,0.194742,-0.032486,0.027876,-0.004431,0.009580,0.099659,-0.031301,0.104459,0.036377
4409.000000,0.355911,0.170101,-0.033481,-0.020011,0.016289,0.004666,0.098804,-0.027855,0.102655,0.035751
4410.000000,0.342408,0.145756,-0.068321,-0.098221,0.039956,0.003997,0.023387,-0.008020,0.024724,0.008625
4411.000000,0.353159,0.158820,-0.008661,-0.043008,0.014255,0.001753,-0.050923,0.013971,0.052805,0.018414
4412.000000,0.359720,0.167943,0.026222,0.014557,-0.008518,-0.001878,-0.060968,0.017029,0.063302,0.022070
4413.000000,0.360174,0.172657,0.036477,0.048701,-0.020163,-0.004067,-0.021425,0.006599,0.022418,0.007821
4414.000000,0.343915,0.154133,-0.003286,0.006769,-0.002064,-0.005310,0.005648,-0.002630,0.006230,0.002174
4415.000000,0.340104,0.156320,0.017530,0.029106,-0.010165,-0.006703,0.028413,-0.006724,0.029198,0.010185
4416.000000,0.332552,0.152498,0.005361,0.028798,-0.012167,-0.007335,0.061367,-0.015070,0.063190,0.022031
4417.000000,0.310182,0.128151,-0.045715,-0.042927,0.016552,-0.007020,0.045847,-0.014345,0.048039,0.016753
4418.000000,0.301339,0.124221,-0.032635,-0.056297,0.024001,-0.006075,-0.011914,0.001025,0.011958,0.004172
4419.000000,0.296195,0.119762,-0.030920,-0.072718,0.029493,-0.004488,-0.086984,0.020874,0.089454,0.031167
4420.000000,0.310988,0.142171,0.044251,0.018219,-0.007863,-0.005896,-0.108449,0.030310,0.112605,0.039202
4421.000000,0.325972,0.167367,0.077087,0.095897,-0.040722,-0.005373,-0.035416,0.012926,0.037701,0.013150
4422.000000,0.316938,0.162236,0.027169,0.073517,-0.030426,-0.003530,0.058480,-0.014718,0.060304,0.021026
4423.000000,0.293820,0.138686,-0.020812,0.009924,-0.001536,-0.003860,0.099233,-0.027807,0.103055,0.035890
4424.000000,0.275109,0.119092,-0.045047,-0.048455,0.021916,-0.003805,0.071211,-0.020726,0.074166,0.025851
4425.000000,0.267512,0.112633,-0.048364,-0.077813,0.031525,-0.002278,-0.003594,-0.000824,0.003687,0.001286
4426.000000,0.271936,0.120518,-0.015926,-0.049079,0.018269,-0.002109,-0.072632,0.018648,0.074988,0.026137
4427.000000,0.298449,0.161390,0.080261,0.091273,-0.038539,-0.003441,-0.033773,0.013332,0.036309,0.012665
4428.000000,0.292935,0.158440,0.027964,0.076281,-0.032975,-0.001738,0.059841,-0.014449,0.061561,0.021463
4429.000000,0.254350,0.107579,-0.081852,-0.087603,0.037783,-0.000497,0.036077,-0.015528,0.039277,0.013699
4430.000000,0.251314,0.104543,-0.065187,-0.134610,0.057992,0.005147,-0.094848,0.020712,0.097083,0.033817
4431.000000,0.304850,0.172696,0.118616,0.101217,-0.043439,0.002058,-0.088715,0.031123,0.094016,0.032752
4432.000000,0.306794,0.171792,0.041941,0.089059,-0.042408,0.003486,0.018134,-0.002311,0.018281,0.006377
4433.000000,0.265716,0.114489,-0.083016,-0.088709,0.038045,0.003566,-0.000398,-0.007278,0.007289,0.002543
4434.000000,0.285281,0.145581,0.047242,0.029365,-0.005848,0.000627,-0.021680,0.007609,0.022976,0.008015
4435.000000,0.316377,0.189770,0.087392,0.145591,-0.061087,0.002086,0.089831,-0.016329,0.091303,0.031809
4436.000000,0.290672,0.158367,-0.032056,0.049932,-0.022128,0.003612,0.190671,-0.051115,0.197404,0.068423
4437.000000,0.249372,0.107345,-0.135036,-0.150499,0.067004,0.006917,0.112027,-0.038112,0.118332,0.041187
4438.000000,0.264242,0.123882,-0.101878,-0.198095,0.082625,0.019135,-0.090156,0.019154,0.092168,0.032110
4439.000000,0.302336,0.149925,-0.031820,-0.149143,0.046942,0.023615,-0.280157,0.075193,0.290072,0.099786
4440.000000,0.379346,0.237522,0.220476,0.162051,-0.078827,0.016396,-0.237910,0.072534,0.248721,0.085881
4441.000000,0.464348,0.353093,0.205404,0.310462,-0.129432,0.033106,0.045162,-0.003432,0.045292,0.015796
4442.000000,0.406163,0.253603,-0.098729,0.035044,0.003173,0.029555,0.210949,-0.065276,0.220818,0.076413
4443.000000,0.384701,0.198835,-0.121942,-0.111313,0.061765,0.022337,0.150788,-0.045933,0.157629,0.054765
4444.000000,0.413622,0.213118,-0.016584,-0.027286,0.010001,0.014509,0.080173,-0.017284,0.082015,0.028581
4445.000000,0.403148,0.186219,-0.079631,-0.099424,0.032491,0.009670,0.000782,-0.002876,0.002980,0.001040
4446.000000,0.402625,0.181623,-0.056921,-0.128578,0.050097,0.009651,-0.131093,0.029422,0.134354,0.046732
4447.000000,0.437550,0.222144,0.106237,0.049870,-0.020012,0.002793,-0.156740,0.045148,0.163113,0.056654
4448.000000,0.484595,0.286357,0.151175,0.200360,-0.085358,0.005033,0.001169,0.008092,0.008176,0.002852
4449.000000,0.448712,0.234474,-0.039613,0.050337,-0.019520,0.004957,0.127575,-0.036922,0.132810,0.046198
4450.000000,0.406298,0.173262,-0.143367,-0.176420,0.079929,0.007390,0.032180,-0.018364,0.037051,0.012923
4451.000000,0.442661,0.212564,0.036110,-0.027025,0.012400,0.004618,-0.067594,0.021301,0.070871,0.024704
4452.000000,0.464692,0.234145,0.069775,0.077183,-0.038455,-0.000960,-0.028078,0.012877,0.030890,0.010775
4453.000000,0.439874,0.201236,-0.023233,0.002519,-0.004471,-0.004009,0.009409,-0.005195,0.010748,0.003750
4454.000000,0.415857,0.175442,-0.039550,-0.064067,0.030247,-0.005406,-0.032550,0.003731,0.032763,0.011428
4455.000000,0.429762,0.200056,0.056922,0.039834,-0.012801,-0.008474,-0.035452,0.012208,0.037495,0.013078
4456.000000,0.460959,0.250914,0.092323,0.169175,-0.072311,-0.005270,0.096803,-0.017851,0.098435,0.034286
4457.000000,0.414433,0.192806,-0.082352,0.002468,-0.002851,-0.004270,0.176951,-0.050207,0.183936,0.063809
4458.000000,0.379840,0.153092,-0.184299,-0.255475,0.111276,0.008966,0.006575,-0.014084,0.015543,0.005422
4459.000000,0.432318,0.206646,0.012603,-0.109014,0.041543,0.014870,-0.184056,0.050775,0.190931,0.066207
4460.000000,0.499483,0.280667,0.186017,0.159194,-0.075783,0.007781,-0.126518,0.044079,0.133977,0.046601
4461.000000,0.496033,0.270118,0.045903,0.115181,-0.051418,0.008065,0.024732,-0.006476,0.025566,0.008918
4462.000000,0.451053,0.206488,-0.069570,-0.045587,0.026056,0.003059,0.047336,-0.019625,0.051243,0.017870
4463.000000,0.447335,0.200094,-0.009098,-0.036520,0.021382,-0.001064,0.001603,-0.000888,0.001833,0.000639
4464.000000,0.444755,0.191750,-0.004579,-0.034737,0.011393,-0.004481,-0.038685,0.011390,0.040327,0.014065
4465.000000,0.449855,0.203600,0.035449,0.032098,-0.016333,-0.008026,-0.033147,0.010456,0.034757,0.012123
4466.000000,0.481113,0.262563,0.097823,0.185150,-0.076245,-0.004691,0.106247,-0.021796,0.108460,0.037765
4467.000000,0.437123,0.210623,-0.073157,0.036051,-0.013283,-0.003092,0.216350,-0.059659,0.224425,0.077641
4468.000000,0.394452,0.160305,-0.176918,-0.204804,0.090644,0.003963,0.095091,-0.034900,0.101293,0.035278
4469.000000,0.427164,0.193286,-0.095776,-0.239495,0.094529,0.021924,-0.158715,0.038032,0.163208,0.056687
4470.000000,0.484538,0.238662,0.103054,-0.028117,-0.003000,0.015305,-0.287029,0.081510,0.298378,0.102559
4471.000000,0.537399,0.297933,0.211400,0.168255,-0.078654,0.009163,-0.185335,0.056219,0.193674,0.067146
4472.000000,0.569802,0.345971,0.130831,0.219107,-0.088035,0.014763,0.039613,-0.007045,0.040235,0.014033
4473.000000,0.530198,0.286762,-0.054607,0.071472,-0.018020,0.010351,0.188406,-0.053910,0.195967,0.067931
4474.000000,0.495417,0.231602,-0.111918,-0.061209,0.033313,0.003321,0.179871,-0.051154,0.187003,0.064861
4475.000000,0.489578,0.221779,-0.082248,-0.092076,0.037246,0.000541,0.089514,-0.024587,0.092829,0.032339
4476.000000,0.486270,0.218935,-0.066469,-0.111092,0.040886,-0.000314,-0.027548,0.004902,0.027981,0.009761
4477.000000,0.501224,0.242861,0.038290,0.005803,-0.004474,-0.005781,-0.074983,0.021062,0.077885,0.027145
4478.000000,0.497922,0.243053,0.041475,0.041281,-0.018092,-0.009969,-0.044583,0.012618,0.046334,0.016159
4479.000000,0.462482,0.197151,-0.050956,-0.090231,0.037420,-0.010190,-0.086356,0.017085,0.088030,0.030672
4480.000000,0.467857,0.212794,0.052499,-0.011348,0.008921,-0.011978,-0.136110,0.035563,0.140679,0.048918
4481.000000,0.512614,0.285180,0.157472,0.182500,-0.075725,-0.010149,-0.018579,0.013501,0.022966,0.008012
4482.000000,0.487773,0.257259,-0.012769,0.084601,-0.037682,-0.006202,0.122821,-0.032612,0.127077,0.044215
4483.000000,0.442714,0.206876,-0.092521,-0.052899,0.025651,-0.007933,0.126596,-0.038884,0.132433,0.046068
4484.000000,0.431413,0.201600,-0.050455,-0.066894,0.031119,-0.008224,0.057239,-0.016692,0.059623,0.020789
4485.000000,0.426744,0.199552,-0.034370,-0.065837,0.024584,-0.008589,-0.017925,0.004463,0.018472,0.006444
4486.000000,0.425937,0.204672,0.002266,-0.027163,0.008225,-0.010383,-0.066709,0.017291,0.068913,0.024023
4487.000000,0.419094,0.202464,0.018936,-0.007158,0.002645,-0.012157,-0.084301,0.021092,0.086900,0.030279
4488.000000,0.422312,0.217036,0.060576,0.058367,-0.022099,-0.013448,-0.048492,0.014273,0.050549,0.017628
4489.000000,0.416138,0.217876,0.036804,0.068078,-0.028029,-0.012873,0.024328,-0.004723,0.024782,0.008645
4490.000000,0.386042,0.184821,-0.036880,-0.020924,0.008320,-0.012622,0.041822,-0.013513,0.043951,0.015328
4491.000000,0.380759,0.190942,0.007320,0.016074,-0.004596,-0.013405,0.043115,-0.010854,0.044460,0.015506
4492.000000,0.366558,0.180185,-0.016443,-0.002880,-0.000082,-0.013440,0.048769,-0.012646,0.050382,0.017570
4493.000000,0.340731,0.153217,-0.072723,-0.101774,0.040504,-0.010366,-0.021048,0.001039,0.021074,0.007352
4494.000000,0.345499,0.167700,0.000831,-0.050628,0.022343,-0.008909,-0.102345,0.025638,0.105507,0.036741
4495.000000,0.368744,0.204151,0.089376,0.082044,-0.033820,-0.010118,-0.070628,0.022937,0.074259,0.025883
4496.000000,0.378298,0.224794,0.066422,0.126421,-0.054494,-0.006395,0.052421,-0.009976,0.053362,0.018608
4497.000000,0.338073,0.175448,-0.057031,-0.014062,0.006676,-0.005833,0.101552,-0.030804,0.106121,0.036954
4498.000000,0.315047,0.151346,-0.073575,-0.102322,0.046467,-0.003691,0.026209,-0.011700,0.028702,0.010012
4499.000000,0.336786,0.182851,0.035932,0.019409,-0.007295,-0.005652,-0.008056,0.005701,0.009869,0.003443
4500.000000,0.320657,0.158443,-0.034011,-0.042381,0.012031,-0.006407,-0.027621,0.006079,0.028282,0.009866
4501.000000,0.309320,0.148278,-0.030848,-0.070986,0.028838,-0.005589,-0.095084,0.021134,0.097404,0.033928
4502.000000,0.336499,0.192089,0.095630,0.084729,-0.031749,-0.007311,-0.070918,0.022485,0.074397,0.025931
4503.000000,0.340474,0.200371,0.053077,0.098827,-0.042475,-0.005032,0.034796,-0.005863,0.035286,0.012308
4504.000000,0.326999,0.190965,0.006606,0.073636,-0.029931,-0.003718,0.130165,-0.033841,0.134492,0.046780
4505.000000,0.286575,0.140645,-0.093966,-0.086625,0.038206,-0.002753,0.105908,-0.033315,0.111024,0.038654
4506.000000,0.279846,0.134463,-0.102547,-0.178146,0.075212,0.006281,-0.053711,0.008492,0.054378,0.018962
4507.000000,0.324321,0.185974,0.065656,0.014820,-0.009597,0.003398,-0.125955,0.038156,0.131608,0.045782
4508.000000,0.345868,0.210224,0.084357,0.103831,-0.048812,0.001496,-0.049019,0.017465,0.052037,0.018146
4509.000000,0.315774,0.167307,-0.027514,-0.010522,0.003969,0.000065,-0.008018,-0.002072,0.008281,0.002889
4510.000000,0.310784,0.165766,0.014596,0.008883,0.002074,-0.002672,-0.006938,0.000857,0.006991,0.002439
4511.000000,0.327531,0.192070,0.062502,0.096619,-0.038249,-0.003657,0.062224,-0.011473,0.063273,0.022060
4512.000000,0.303691,0.160618,-0.034679,0.009903,-0.007161,-0.003676,0.113683,-0.030471,0.117696,0.040966
4513.000000,0.273826,0.126354,-0.099534,-0.124181,0.052024,-0.000721,0.034672,-0.015498,0.037978,0.013246
4514.000000,0.286053,0.145615,-0.017480,-0.068727,0.030182,0.000893,-0.068971,0.017285,0.071104,0.024786
4515.000000,0.315026,0.182412,0.074688,0.072029,-0.031961,-0.002025,-0.052193,0.018976,0.055536,0.019365
4516.000000,0.300510,0.160371,-0.001451,0.018476,-0.011737,-0.002783,-0.006407,0.001100,0.006501,0.002268
4517.000000,0.275092,0.127983,-0.053169,-0.080305,0.034453,-0.002167,-0.051953,0.008257,0.052605,0.018344
4518.000000,0.282957,0.139893,0.018248,-0.025671,0.014105,-0.002836,-0.106462,0.027738,0.110016,0.038305
4519.000000,0.332604,0.211385,0.139809,0.172584,-0.071973,-0.000977,-0.002033,0.009360,0.009578,0.003342
4520.000000,0.330210,0.213515,0.027204,0.136170,-0.057732,0.006305,0.169045,-0.042531,0.174313,0.060506
4521.000000,0.274681,0.138851,-0.127666,-0.096124,0.045945,0.006168,0.166914,-0.052388,0.174942,0.060722
4522.000000,0.275994,0.141173,-0.076803,-0.125517,0.057744,0.009795,0.037721,-0.013365,0.040019,0.013958
4523.000000,0.289647,0.147115,-0.060643,-0.135628,0.050116,0.012955,-0.111058,0.028601,0.114682,0.039922
4524.000000,0.313078,0.165397,0.017703,-0.052390,0.012513,0.009503,-0.208399,0.055982,0.215787,0.074700
4525.000000,0.362432,0.230807,0.166373,0.157408,-0.068173,0.006555,-0.125979,0.039734,0.132097,0.045951
4526.000000,0.375476,0.250660,0.083422,0.160636,-0.065025,0.011519,0.054739,-0.011934,0.056025,0.019535
4527.000000,0.346729,0.211436,-0.027052,0.057903,-0.016177,0.009343,0.167548,-0.046870,0.173980,0.060392
4528.000000,0.317128,0.167273,-0.083348,-0.061489,0.031596,0.005827,0.152518,-0.043806,0.158684,0.055129
4529.000000,0.308296,0.151155,-0.108102,-0.162078,0.067037,0.010185,0.015010,-0.008340,0.017171,0.005990
4530.000000,0.332612,0.174383,-0.025502,-0.098705,0.035012,0.010991,-0.125894,0.033262,0.130214,0.045300
4531.000000,0.373685,0.222182,0.111305,0.093226,-0.043408,0.004794,-0.108416,0.034276,0.113705,0.039584
4532.000000,0.375708,0.222297,0.055370,0.096677,-0.042151,0.003864,-0.000132,0.001443,0.001449,0.000506
4533.000000,0.339673,0.170335,-0.051334,-0.042418,0.020703,0.001421,0.016050,-0.009488,0.018645,0.006504
4534.000000,0.341318,0.174221,0.012639,-0.004086,0.006570,-0.001786,-0.006372,0.001908,0.006652,0.002321
4535.000000,0.348807,0.183583,0.033866,0.046884,-0.020513,-0.004338,0.023301,-0.002730,0.023460,0.008184
4536.000000,0.334301,0.166712,-0.014456,0.011775,-0.008023,-0.005540,0.052998,-0.014187,0.054864,0.019131
4537.000000,0.308729,0.137933,-0.063790,-0.080587,0.033601,-0.004671,0.004210,-0.005835,0.007195,0.002510
4538.000000,0.318588,0.157670,0.020552,-0.001291,0.003329,-0.005880,-0.033959,0.009755,0.035332,0.012324
4539.000000,0.334992,0.183901,0.060627,0.088766,-0.037927,-0.006319,0.025269,-0.002004,0.025348,0.008842
4540.000000,0.308389,0.150401,-0.035377,-0.005601,-0.000578,-0.005929,0.062642,-0.018374,0.065281,0.022759
4541.000000,0.286560,0.128678,-0.057197,-0.078549,0.034405,-0.004602,0.007173,-0.006388,0.009605,0.003351
4542.000000,0.287614,0.132958,-0.019188,-0.063771,0.028135,-0.003306,-0.072124,0.017665,0.074256,0.025882
4543.000000,0.289680,0.132097,-0.007738,-0.055284,0.020396,-0.003164,-0.138926,0.036015,0.143518,0.049898
4544.000000,0.307160,0.156643,0.069262,0.045295,-0.019828,-0.005107,-0.134062,0.037513,0.139212,0.048411
4545.000000,0.353802,0.232075,0.148207,0.209742,-0.086671,0.001876,0.028045,0.000273,0.028046,0.009783
4546.000000,0.342477,0.226891,0.012118,0.142743,-0.054384,0.010128,0.220388,-0.057871,0.227859,0.078808
4547.000000,0.290461,0.156430,-0.119375,-0.059517,0.034010,0.007858,0.245652,-0.071116,0.255739,0.088252
4548.000000,0.280177,0.140492,-0.151799,-0.211861,0.093336,0.017391,0.074990,-0.026786,0.079630,0.027752
4549.000000,0.321252,0.175207,-0.091477,-0.212698,0.077162,0.029701,-0.164250,0.041976,0.169529,0.058862
4550.000000,0.375036,0.216155,0.080443,-0.021419,-0.007478,0.021145,-0.275272,0.077579,0.285995,0.098422
4551.000000,0.437127,0.287329,0.213219,0.193379,-0.087901,0.016903,-0.153388,0.048453,0.160859,0.055878
4552.000000,0.452060,0.303709,0.089217,0.176125,-0.068677,0.020406,0.054304,-0.013264,0.055900,0.019492
4553.000000,0.421156,0.252257,-0.040528,0.057924,-0.012138,0.014292,0.173979,-0.049449,0.180870,0.062758
4554.000000,0.389024,0.194328,-0.118051,-0.108793,0.051797,0.010065,0.127034,-0.038517,0.132745,0.046176
4555.000000,0.396588,0.194134,-0.074324,-0.134204,0.053775,0.011165,-0.013478,0.001633,0.013577,0.004736
4556.000000,0.425585,0.222566,0.038198,0.001085,-0.006193,0.004615,-0.074668,0.022980,0.078124,0.027228
4557.000000,0.456226,0.264844,0.096407,0.146200,-0.063616,0.001812,0.024217,-0.001003,0.024238,0.008455
4558.000000,0.412289,0.202364,-0.070162,-0.022984,0.010422,-0.000349,0.076430,-0.025436,0.080551,0.028072
4559.000000,0.387560,0.164880,-0.135862,-0.227645,0.098056,0.009630,-0.086546,0.012819,0.087490,0.030484
4560.000000,0.456076,0.242363,0.142300,0.065491,-0.028666,0.004381,-0.147536,0.047069,0.154862,0.053812
4561.000000,0.495427,0.288059,0.123782,0.176896,-0.080953,0.005493,0.001841,0.007110,0.007344,0.002562
4562.000000,0.451983,0.226440,-0.058698,0.014456,-0.004546,0.003256,0.093416,-0.030246,0.098190,0.034201
4563.000000,0.426856,0.196074,-0.057361,-0.057262,0.031745,-0.000478,0.061507,-0.020688,0.064893,0.022624
4564.000000,0.424847,0.191097,-0.022188,-0.054110,0.023797,-0.002771,-0.001408,0.000680,0.001564,0.000546
4565.000000,0.432803,0.202280,0.020815,0.011962,-0.008797,-0.006519,-0.018366,0.007408,0.019804,0.006909
4566.000000,0.420438,0.190861,-0.004460,0.000624,-0.003410,-0.008861,-0.012392,0.002386,0.012620,0.004403
4567.000000,0.401403,0.173362,-0.021380,-0.038378,0.017037,-0.009759,-0.038005,0.006835,0.038615,0.013468
4568.000000,0.408185,0.192429,0.048186,0.042099,-0.014332,-0.011499,-0.027486,0.009101,0.028954,0.010100
4569.000000,0.409542,0.202062,0.040254,0.076901,-0.033102,-0.011071,0.043832,-0.008346,0.044620,0.015561
4570.000000,0.374244,0.160513,-0.060197,-0.045860,0.017019,-0.010381,0.048635,-0.016427,0.051334,0.017901
4571.000000,0.357585,0.148506,-0.055150,-0.099181,0.043367,-0.007344,-0.039325,0.005820,0.039753,0.013865
4572.000000,0.390430,0.199889,0.088149,0.081420,-0.032037,-0.009185,-0.030374,0.013416,0.033205,0.011582
4573.000000,0.374881,0.179784,-0.003130,0.028311,-0.016304,-0.008817,0.026381,-0.006386,0.027143,0.009468
4574.000000,0.346735,0.149708,-0.052308,-0.060814,0.025230,-0.008320,-0.001453,-0.004227,0.004470,0.001559
4575.000000,0.345077,0.155793,0.002804,-0.029206,0.015682,-0.008403,-0.049336,0.011878,0.050746,0.017696
4576.000000,0.353891,0.171474,0.043638,0.038632,-0.015852,-0.009602,-0.036908,0.012503,0.038968,0.013592
4577.000000,0.370375,0.203356,0.070050,0.125972,-0.054121,-0.007119,0.065866,-0.012420,0.067027,0.023366
4578.000000,0.333583,0.159964,-0.051741,-0.001450,-0.000239,-0.005918,0.123328,-0.035454,0.128323,0.044646
4579.000000,0.301851,0.123952,-0.125247,-0.175777,0.076326,0.001302,0.004428,-0.009518,0.010498,0.003662
4580.000000,0.326673,0.153111,-0.020927,-0.110273,0.044852,0.006679,-0.150668,0.039312,0.155712,0.054105
4581.000000,0.387793,0.228980,0.158585,0.146887,-0.066442,0.003142,-0.102336,0.036474,0.108642,0.037828
4582.000000,0.397525,0.242160,0.063851,0.147678,-0.064969,0.008051,0.064833,-0.014565,0.066449,0.023165
4583.000000,0.344670,0.167202,-0.097516,-0.065712,0.033369,0.005932,0.088783,-0.031714,0.094277,0.032842
4584.000000,0.338613,0.155730,-0.059328,-0.113271,0.053574,0.007165,-0.017817,0.001048,0.017848,0.006226
4585.000000,0.374918,0.194886,0.068053,0.046413,-0.021635,0.002147,-0.038953,0.016573,0.042332,0.014764
4586.000000,0.385776,0.207684,0.046372,0.097400,-0.046468,0.000812,0.048093,-0.008868,0.048904,0.017055
4587.000000,0.358540,0.177300,-0.031925,0.023167,-0.008894,-0.000738,0.108778,-0.031621,0.113281,0.039436
4588.000000,0.322254,0.129252,-0.132593,-0.181751,0.079925,0.005232,-0.002739,-0.008393,0.008829,0.003080
4589.000000,0.348916,0.155281,-0.031654,-0.139157,0.055618,0.012270,-0.179618,0.046504,0.185540,0.064360
4590.000000,0.418339,0.236821,0.180698,0.146885,-0.068235,0.006868,-0.144333,0.048379,0.152225,0.052903
4591.000000,0.456158,0.288190,0.114929,0.216356,-0.093524,0.015609,0.068729,-0.012805,0.069912,0.024371
4592.000000,0.397645,0.202091,-0.099433,-0.016926,0.016403,0.012383,0.156981,-0.049960,0.164739,0.057214
4593.000000,0.377454,0.164702,-0.122754,-0.174846,0.082311,0.015284,0.031345,-0.015625,0.035024,0.012216
4594.000000,0.425677,0.209843,0.054597,0.008961,-0.007099,0.009450,-0.043546,0.018118,0.047165,0.016449
4595.000000,0.440510,0.220716,0.045302,0.077664,-0.040679,0.003946,0.012939,0.000671,0.012956,0.004520
4596.000000,0.410054,0.181140,-0.046443,-0.017469,0.006407,0.000324,0.037183,-0.014418,0.039880,0.013910
4597.000000,0.396934,0.169790,-0.020554,-0.032288,0.018904,-0.002553,0.007357,-0.004639,0.008697,0.003034
4598.000000,0.387182,0.154987,-0.028018,-0.067857,0.028697,-0.003285,-0.053273,0.012752,0.054778,0.019101
4599.000000,0.385834,0.151584,-0.011262,-0.068325,0.025468,-0.003533,-0.130693,0.033240,0.134854,0.046905
4600.000000,0.420716,0.205336,0.121858,0.113527,-0.047465,-0.005740,-0.085787,0.027943,0.090223,0.031434
4601.000000,0.427796,0.222711,0.065854,0.133897,-0.056663,-0.001791,0.056807,-0.011794,0.058018,0.020230
4602.000000,0.392156,0.181261,-0.042390,0.019766,-0.005234,-0.002310,0.132098,-0.037848,0.137413,0.047789
4603.000000,0.365013,0.151042,-0.071685,-0.072842,0.034295,-0.002880,0.092194,-0.027958,0.096340,0.033559
4604.000000,0.368239,0.159759,-0.019822,-0.036590,0.015322,-0.004020,0.033894,-0.008096,0.034848,0.012155
4605.000000,0.365704,0.159494,-0.015884,-0.021290,0.005084,-0.005825,0.002691,-0.000182,0.002697,0.000941
4606.000000,0.344779,0.133984,-0.075042,-0.122497,0.047726,-0.003010,-0.089558,0.018106,0.091370,0.031832
4607.000000,0.367560,0.169739,0.062232,0.014966,-0.003933,-0.005000,-0.136238,0.037273,0.141245,0.049113
4608.000000,0.389791,0.202820,0.101036,0.114240,-0.048109,-0.005105,-0.052381,0.018818,0.055659,0.019408
4609.000000,0.366481,0.172582,-0.004627,0.026678,-0.012423,-0.004711,0.018427,-0.006300,0.019474,0.006794
4610.000000,0.359771,0.174609,0.020185,0.048434,-0.016404,-0.006234,0.063448,-0.016443,0.065544,0.022850
4611.000000,0.343634,0.159022,-0.015238,0.012481,-0.004236,-0.007049,0.094378,-0.024658,0.097546,0.033977
4612.000000,0.315314,0.125344,-0.090653,-0.115056,0.046502,-0.004214,0.022729,-0.010665,0.025107,0.008758
4613.000000,0.327001,0.147369,-0.002939,-0.043157,0.018203,-0.003709,-0.059533,0.015599,0.061543,0.021457
4614.000000,0.365461,0.205245,0.106084,0.137714,-0.058371,-0.004001,0.013322,0.003528,0.013781,0.004808
4615.000000,0.343262,0.178337,-0.015403,0.053663,-0.024808,-0.001958,0.113205,-0.030374,0.117209,0.040798
4616.000000,0.298546,0.118900,-0.158387,-0.206698,0.088905,0.005971,-0.001010,-0.010864,0.010911,0.003806
4617.000000,0.331756,0.151994,-0.048813,-0.178838,0.071381,0.018411,-0.215463,0.054617,0.222278,0.076910
4618.000000,0.418563,0.250358,0.219096,0.165250,-0.077686,0.012030,-0.185600,0.061157,0.195416,0.067743
4619.000000,0.473605,0.319616,0.142551,0.249906,-0.108287,0.023737,0.058410,-0.008826,0.059073,0.020597
4620.000000,0.426900,0.249667,-0.070577,0.065712,-0.013505,0.021130,0.217081,-0.064712,0.226521,0.078353
4621.000000,0.392392,0.188322,-0.129513,-0.106156,0.058704,0.015552,0.174843,-0.052914,0.182674,0.063377
4622.000000,0.401745,0.181952,-0.117897,-0.197988,0.081685,0.021636,-0.007282,-0.001348,0.007406,0.002584
4623.000000,0.442262,0.212276,0.006378,-0.081669,0.021729,0.017799,-0.152965,0.043281,0.158970,0.055227
4624.000000,0.475552,0.244496,0.111063,0.080302,-0.040810,0.008126,-0.136023,0.040219,0.141844,0.049320
4625.000000,0.489690,0.264501,0.093258,0.138140,-0.057033,0.005924,-0.005800,0.004027,0.007061,0.002463
4626.000000,0.466354,0.234352,-0.005470,0.064355,-0.021508,0.002900,0.101261,-0.028287,0.105138,0.036612
4627.000000,0.432889,0.187931,-0.073754,-0.057738,0.028019,-0.000663,0.092112,-0.027986,0.096270,0.033534
4628.000000,0.421837,0.173606,-0.069196,-0.118242,0.049286,0.000583,-0.014050,0.000578,0.014062,0.004906
4629.000000,0.436012,0.191221,0.012570,-0.040582,0.013943,-0.001804,-0.095987,0.026345,0.099537,0.034669
4630.000000,0.438944,0.194647,0.035777,0.004816,-0.005070,-0.005757,-0.111569,0.030009,0.115534,0.040217
4631.000000,0.456581,0.228297,0.096298,0.115157,-0.047113,-0.007053,-0.031811,0.012032,0.034010,0.011863
4632.000000,0.458629,0.242872,0.049351,0.135102,-0.054850,-0.003687,0.112309,-0.026701,0.115439,0.040185
4633.000000,0.414449,0.189222,-0.077341,-0.012856,0.007725,-0.004619,0.166307,-0.047439,0.172941,0.060034
4634.000000,0.387038,0.160143,-0.114236,-0.144082,0.062989,-0.000975,0.063435,-0.022581,0.067334,0.023474
4635.000000,0.399288,0.176481,-0.047759,-0.125180,0.050042,0.003546,-0.087108,0.021518,0.089726,0.031261
4636.000000,0.428838,0.210961,0.070032,0.026139,-0.015744,-0.001459,-0.127295,0.037551,0.132718,0.046166
4637.000000,0.441804,0.230463,0.082545,0.100311,-0.044888,-0.003541,-0.047603,0.015599,0.050094,0.017469
4638.000000,0.412369,0.193434,-0.015239,0.004982,-0.000773,-0.005173,0.002150,-0.003941,0.004489,0.001566
4639.000000,0.390550,0.167830,-0.032270,-0.061135,0.029475,-0.006012,-0.036753,0.006005,0.037240,0.012989
4640.000000,0.416664,0.209207,0.084611,0.086454,-0.033691,-0.008421,-0.006839,0.007145,0.009891,0.003451
4641.000000,0.419012,0.218071,0.033938,0.105851,-0.047693,-0.006270,0.104477,-0.023696,0.107130,0.037304
4642.000000,0.383681,0.180560,-0.058306,0.005763,-0.002683,-0.006496,0.157600,-0.044321,0.163714,0.056861
4643.000000,0.348712,0.142308,-0.136855,-0.178036,0.077612,0.000277,0.040518,-0.019078,0.044785,0.015619
4644.000000,0.370546,0.167996,-0.052569,-0.157109,0.063386,0.009382,-0.146775,0.036685,0.151290,0.052580
4645.000000,0.414471,0.213548,0.105407,0.038769,-0.023176,0.003415,-0.192931,0.056633,0.201071,0.069677
4646.000000,0.452795,0.265052,0.145919,0.173060,-0.076923,0.004224,-0.058175,0.021532,0.062032,0.021628
4647.000000,0.434255,0.243387,0.015784,0.097061,-0.036887,0.005378,0.087041,-0.024765,0.090496,0.031529
4648.000000,0.401863,0.201216,-0.049219,-0.001131,0.008166,0.001082,0.131032,-0.037835,0.136385,0.047434
4649.000000,0.395848,0.195219,-0.022957,0.007238,-0.000014,-0.003004,0.135343,-0.034288,0.139619,0.048551
4650.000000,0.367387,0.157659,-0.117551,-0.143449,0.055838,-0.000510,0.042246,-0.015927,0.045149,0.015746
4651.000000,0.378033,0.175891,-0.045396,-0.117385,0.046360,0.003129,-0.102766,0.024313,0.105603,0.036774
4652.000000,0.396147,0.194350,0.042194,-0.023081,0.006702,-0.000323,-0.172483,0.046547,0.178653,0.061997
4653.000000,0.420024,0.226365,0.114037,0.098255,-0.042339,-0.003599,-0.116915,0.034916,0.122017,0.042463
4654.000000,0.425909,0.239550,0.075608,0.121391,-0.050409,-0.002053,0.010215,-0.000247,0.010218,0.003565
4655.000000,0.391223,0.194884,-0.035088,0.002172,0.001950,-0.003486,0.067840,-0.021265,0.071095,0.024782
4656.000000,0.393907,0.208375,0.023998,0.065601,-0.022533,-0.006273,0.113087,-0.027432,0.116367,0.040506
4657.000000,0.367553,0.175833,-0.057077,-0.021243,0.006615,-0.007303,0.129343,-0.034683,0.133912,0.046579
4658.000000,0.344987,0.155039,-0.090619,-0.110215,0.044340,-0.004989,0.045466,-0.016413,0.048338,0.016857
4659.000000,0.349554,0.167636,-0.030674,-0.078957,0.032691,-0.003249,-0.058576,0.013728,0.060163,0.020977
4660.000000,0.350699,0.166599,-0.012262,-0.070850,0.026664,-0.003235,-0.142791,0.036280,0.147328,0.051213
4661.000000,0.372184,0.197064,0.088354,0.055725,-0.023641,-0.006238,-0.138132,0.039176,0.143580,0.049920
4662.000000,0.409565,0.257366,0.135154,0.189699,-0.079056,-0.001143,0.015272,0.002669,0.015503,0.005409
4663.000000,0.368952,0.202623,-0.046315,0.025132,-0.008581,0.000297,0.119901,-0.035248,0.124975,0.043487
4664.000000,0.335767,0.159314,-0.102490,-0.125365,0.057472,0.001642,0.047117,-0.019116,0.050847,0.017732
4665.000000,0.357071,0.185420,0.015096,-0.023897,0.011049,-0.000234,-0.026990,0.009506,0.028615,0.009982
4666.000000,0.359440,0.183884,0.009820,0.001288,-0.005818,-0.003586,-0.037156,0.011521,0.038901,0.013568
4667.000000,0.362886,0.194866,0.037002,0.058510,-0.025774,-0.005719,0.002884,0.000521,0.002931,0.001022
4668.000000,0.346917,0.180006,-0.000676,0.028841,-0.010876,-0.006624,0.049423,-0.013886,0.051337,0.017902
4669.000000,0.319394,0.146485,-0.059580,-0.073105,0.031725,-0.005956,0.013554,-0.007540,0.015510,0.005411
4670.000000,0.327020,0.162359,0.015061,-0.006377,0.004283,-0.006980,-0.024575,0.007510,0.025697,0.008964
4671.000000,0.338967,0.182990,0.049038,0.071411,-0.031351,-0.007738,0.020613,-0.001605,0.020675,0.007213
4672.000000,0.300332,0.130026,-0.089991,-0.104123,0.040115,-0.005425,-0.016482,-0.001640,0.016563,0.005778
4673.000000,0.301481,0.137144,-0.030447,-0.098697,0.043419,-0.001627,-0.131040,0.030708,0.134590,0.046813
4674.000000,0.365793,0.227711,0.172136,0.175108,-0.071933,-0.001889,-0.058571,0.025156,0.063745,0.022224
4675.000000,0.389690,0.264851,0.071343,0.199989,-0.084902,0.009971,0.156178,-0.036155,0.160308,0.055688
4676.000000,0.321830,0.166972,-0.152271,-0.092044,0.045417,0.009260,0.186234,-0.059117,0.195392,0.067734
4677.000000,0.322782,0.159545,-0.154698,-0.258144,0.113973,0.024774,-0.029377,-0.001520,0.029416,0.010261
4678.000000,0.388178,0.211273,0.038987,-0.073297,0.019288,0.023830,-0.196937,0.057951,0.205286,0.071117
4679.000000,0.433440,0.248090,0.135392,0.101975,-0.055359,0.013944,-0.160985,0.049597,0.168452,0.058491
4680.000000,0.457229,0.278106,0.111111,0.169503,-0.071827,0.013955,0.000421,0.002646,0.002679,0.000935
4681.000000,0.457885,0.285842,0.033818,0.169421,-0.059032,0.015295,0.191652,-0.050525,0.198200,0.068695
4682.000000,0.401894,0.196975,-0.144084,-0.074237,0.041228,0.010342,0.219271,-0.064547,0.228574,0.079051
4683.000000,0.400810,0.183380,-0.179111,-0.274025,0.116645,0.024805,0.001102,-0.009055,0.009122,0.003182
4684.000000,0.466130,0.235434,0.017447,-0.110581,0.032298,0.025819,-0.198608,0.056590,0.206513,0.071536
4685.000000,0.520933,0.284567,0.165947,0.117604,-0.060875,0.013608,-0.169314,0.052434,0.177247,0.061514
4686.000000,0.545629,0.313966,0.114433,0.178204,-0.075158,0.013048,0.005113,0.001658,0.005375,0.001875
4687.000000,0.511370,0.264142,-0.031745,0.058823,-0.015664,0.007962,0.126802,-0.037415,0.132207,0.045989
4688.000000,0.476818,0.210671,-0.093871,-0.080798,0.040472,0.002851,0.099464,-0.030748,0.104108,0.036255
4689.000000,0.471115,0.197062,-0.082975,-0.156529,0.063829,0.005685,-0.042850,0.007962,0.043583,0.015200
4690.000000,0.511806,0.246027,0.087907,0.047474,-0.024336,-0.001032,-0.083216,0.027588,0.087670,0.030547
4691.000000,0.509395,0.242918,0.039617,0.065530,-0.031957,-0.004964,-0.017092,0.005872,0.018073,0.006305
4692.000000,0.477502,0.206296,-0.031988,-0.021508,0.010433,-0.007921,-0.001218,-0.003949,0.004133,0.001442
4693.000000,0.483519,0.228035,0.051083,0.068852,-0.023469,-0.011106,0.035212,-0.006803,0.035863,0.012509
4694.000000,0.469922,0.217189,-0.002760,0.048480,-0.022046,-0.011877,0.099905,-0.024221,0.102799,0.035801
4695.000000,0.429727,0.172818,-0.100524,-0.101254,0.039755,-0.010462,0.054384,-0.019676,0.057834,0.020166
4696.000000,0.421728,0.173224,-0.070350,-0.150685,0.063854,-0.003412,-0.093551,0.019137,0.095488,0.033263
4697.000000,0.457734,0.222344,0.097333,0.041900,-0.017491,-0.006829,-0.135139,0.040232,0.141001,0.049029
4698.000000,0.482229,0.259517,0.107858,0.143369,-0.063591,-0.005846,-0.019249,0.010872,0.022107,0.007712
4699.000000,0.441018,0.206633,-0.044966,-0.003900,0.001402,-0.006313,0.044512,-0.016270,0.047392,0.016528
4700.000000,0.414749,0.178490,-0.056031,-0.089006,0.042254,-0.006070,-0.017174,-0.000730,0.017190,0.005997
4701.000000,0.447720,0.228662,0.091111,0.090379,-0.035069,-0.009084,0.002483,0.005627,0.006150,0.002146
4702.000000,0.458679,0.249663,0.041904,0.138338,-0.062152,-0.005555,0.137407,-0.030859,0.140830,0.048970
4703.000000,0.400342,0.176505,-0.134499,-0.087351,0.035868,-0.004932,0.142808,-0.045114,0.149764,0.052054
4704.000000,0.391980,0.169813,-0.156378,-0.271084,0.116208,0.013540,-0.078663,0.009940,0.079289,0.027633
4705.000000,0.459257,0.235733,0.095969,-0.021096,0.002429,0.011660,-0.217565,0.063713,0.226702,0.078415
4706.000000,0.518697,0.302619,0.186461,0.186010,-0.087245,0.008096,-0.101354,0.036462,0.107713,0.037506
4707.000000,0.510947,0.290416,0.035602,0.129772,-0.053342,0.009624,0.071836,-0.020066,0.074586,0.025997
4708.000000,0.464825,0.224931,-0.078591,-0.028862,0.021549,0.003643,0.112277,-0.036038,0.117919,0.041044
4709.000000,0.451041,0.202232,-0.061845,-0.088366,0.041886,0.001149,0.039407,-0.012666,0.041393,0.014437
4710.000000,0.461964,0.212617,0.004119,-0.025252,0.007074,-0.003010,-0.018448,0.007357,0.019861,0.006929
4711.000000,0.464172,0.218719,0.022087,0.028328,-0.016355,-0.007322,-0.011012,0.004493,0.011893,0.004149
4712.000000,0.442908,0.197521,-0.019393,-0.013790,0.004825,-0.009633,-0.007163,-0.000719,0.007199,0.002512
4713.000000,0.429292,0.189030,-0.004605,-0.020108,0.011189,-0.011174,-0.027139,0.005295,0.027651,0.009645
4714.000000,0.431561,0.201001,0.038421,0.038032,-0.014259,-0.012846,-0.010889,0.004962,0.011966,0.004175
4715.000000,0.412630,0.181485,-0.013139,-0.007781,0.000967,-0.013211,0.001440,-0.001075,0.001797,0.000627
4716.000000,0.408289,0.189514,0.020904,0.033866,-0.013358,-0.013936,0.020730,-0.004779,0.021274,0.007421
4717.000000,0.387558,0.171103,-0.021096,-0.011848,0.004523,-0.013694,0.028488,-0.008760,0.029804,0.010396
4718.000000,0.368437,0.155217,-0.038920,-0.060329,0.025351,-0.012286,-0.017632,0.001825,0.017726,0.006184
4719.000000,0.365508,0.159534,-0.001481,-0.037111,0.016305,-0.011561,-0.070686,0.017669,0.072861,0.025397
4720.000000,0.379736,0.186921,0.065569,0.064297,-0.026480,-0.012229,-0.044649,0.015029,0.047111,0.016430
4721.000000,0.376998,0.191772,0.037260,0.078322,-0.034263,-0.010459,0.037886,-0.007883,0.038697,0.013497
4722.000000,0.341621,0.150886,-0.055002,-0.042596,0.017729,-0.009505,0.045504,-0.016081,0.048262,0.016831
4723.000000,0.335988,0.154215,-0.007879,-0.022111,0.012580,-0.009556,0.010951,-0.003777,0.011584,0.004041
4724.000000,0.353312,0.185900,0.055439,0.085312,-0.035382,-0.009802,0.058323,-0.010423,0.059247,0.020658
4725.000000,0.321576,0.146306,-0.058990,-0.032914,0.009417,-0.008754,0.075781,-0.022255,0.078981,0.027526
4726.000000,0.298521,0.124515,-0.097810,-0.150301,0.063157,-0.002472,-0.040509,0.003564,0.040665,0.014183
4727.000000,0.323072,0.158711,0.029541,-0.030385,0.014109,-0.002022,-0.130497,0.035547,0.135252,0.047042
4728.000000,0.340020,0.177804,0.069316,0.054242,-0.025492,-0.004463,-0.108041,0.032104,0.112710,0.039238
4729.000000,0.341219,0.182406,0.053299,0.074439,-0.032826,-0.004421,-0.032814,0.010083,0.034328,0.011974
4730.000000,0.341070,0.193076,0.049311,0.101272,-0.039378,-0.003194,0.069804,-0.016892,0.071819,0.025034
4731.000000,0.307599,0.151129,-0.048694,-0.018432,0.010010,-0.003471,0.104271,-0.030289,0.108581,0.037807
4732.000000,0.289301,0.130799,-0.068093,-0.093865,0.040710,-0.001859,0.032550,-0.012007,0.034694,0.012101
4733.000000,0.308191,0.159260,0.026381,0.014462,-0.006400,-0.003768,-0.001111,0.003236,0.003421,0.001194
4734.000000,0.317425,0.175648,0.037147,0.076869,-0.035077,-0.004376,0.057424,-0.011616,0.058587,0.020428
4735.000000,0.280502,0.127749,-0.079838,-0.073172,0.028588,-0.003479,0.043741,-0.016755,0.046840,0.016335
4736.000000,0.270582,0.118778,-0.078434,-0.146843,0.063213,0.002914,-0.088733,0.017410,0.090425,0.031504
4737.000000,0.303526,0.157393,0.057477,0.001171,-0.001010,0.001095,-0.155774,0.044357,0.161966,0.056259
4738.000000,0.328245,0.186731,0.096158,0.101322,-0.046443,-0.000245,-0.086814,0.027958,0.091205,0.031775
4739.000000,0.331710,0.196872,0.060140,0.115519,-0.048701,0.002158,0.037818,-0.008226,0.038702,0.013499
4740.000000,0.308298,0.171990,-0.008747,0.047240,-0.014824,0.001615,0.122964,-0.034246,0.127644,0.044411
4741.000000,0.283200,0.140746,-0.053216,-0.038094,0.019945,0.000012,0.119070,-0.033751,0.123761,0.043067
4742.000000,0.267164,0.119025,-0.100651,-0.150922,0.062146,0.004872,-0.000098,-0.004570,0.004571,0.001595
4743.000000,0.291697,0.148950,0.000324,-0.053265,0.018797,0.004781,-0.105584,0.028960,0.109484,0.038120
4744.000000,0.331185,0.201420,0.110383,0.125221,-0.055289,0.002261,-0.045704,0.018447,0.049286,0.017188
4745.000000,0.320162,0.187357,0.018609,0.078434,-0.033887,0.003409,0.064989,-0.017129,0.067208,0.023430
4746.000000,0.280168,0.132204,-0.086560,-0.091264,0.041697,0.003165,0.039761,-0.017313,0.043367,0.015125
4747.000000,0.290550,0.146441,0.001788,-0.033049,0.017769,0.001749,-0.024740,0.006874,0.025677,0.008957
4748.000000,0.295419,0.147203,0.009094,-0.007230,-0.000234,-0.000857,-0.044885,0.013747,0.046943,0.016371
4749.000000,0.284964,0.131189,-0.021674,-0.043128,0.014014,-0.002060,-0.077271,0.018375,0.079426,0.027681
4750.000000,0.303044,0.163063,0.071984,0.073186,-0.028130,-0.003948,-0.047903,0.015005,0.050198,0.017506
4751.000000,0.314964,0.186366,0.067233,0.123945,-0.050525,-0.001275,0.069382,-0.014280,0.070836,0.024692
4752.000000,0.280236,0.141491,-0.049770,-0.007840,0.003828,-0.000953,0.121443,-0.034801,0.126331,0.043957
4753.000000,0.257837,0.116296,-0.078425,-0.103923,0.045883,0.000944,0.047772,-0.017308,0.050811,0.017719
4754.000000,0.273180,0.138246,0.002820,-0.024281,0.010581,0.000003,-0.016656,0.005887,0.017666,0.006163
4755.000000,0.270275,0.131159,-0.016018,-0.031103,0.008605,-0.001513,-0.048812,0.012869,0.050480,0.017604
4756.000000,0.267493,0.129304,-0.001425,-0.020595,0.007017,-0.002826,-0.077087,0.019025,0.079400,0.027672
4757.000000,0.278096,0.148513,0.055013,0.055133,-0.021037,-0.004249,-0.049488,0.014811,0.051657,0.018014
4758.000000,0.275388,0.147788,0.032208,0.056667,-0.023339,-0.003961,0.014188,-0.002234,0.014363,0.005011
4759.000000,0.246635,0.108746,-0.054296,-0.063392,0.025853,-0.003118,-0.002342,-0.003333,0.004074,0.001421
4760.000000,0.267660,0.145793,0.060139,0.065254,-0.023717,-0.004530,0.012343,-0.000021,0.012343,0.004306
4761.000000,0.269208,0.152123,0.030376,0.079632,-0.034463,-0.003074,0.096222,-0.022184,0.098746,0.034394
4762.000000,0.230734,0.102007,-0.089797,-0.086217,0.034545,-0.001416,0.074959,-0.025024,0.079026,0.027541
4763.000000,0.227821,0.104224,-0.058130,-0.108701,0.047478,0.002595,-0.038067,0.006217,0.038571,0.013453
4764.000000,0.246392,0.125331,0.012364,-0.028013,0.010209,0.001688,-0.107135,0.029879,0.111223,0.038723
4765.000000,0.282036,0.174368,0.104262,0.126800,-0.055614,0.001171,-0.034518,0.015448,0.037817,0.013190
4766.000000,0.258523,0.141810,-0.010907,0.027738,-0.013302,0.002001,0.042824,-0.013236,0.044823,0.015632
4767.000000,0.229804,0.104081,-0.070934,-0.096226,0.043460,0.002940,-0.009174,-0.003662,0.009878,0.003446
4768.000000,0.262667,0.150626,0.073391,0.067354,-0.024043,0.000253,-0.008311,0.006988,0.010858,0.003788
4769.000000,0.262703,0.148232,0.021927,0.062269,-0.029665,0.000309,0.064780,-0.014065,0.066289,0.023110
4770.000000,0.224374,0.095234,-0.107938,-0.127062,0.050795,0.002858,0.007986,-0.009396,0.012331,0.004302
4771.000000,0.240631,0.120756,0.000848,-0.046067,0.022435,0.003296,-0.081747,0.020730,0.084334,0.029387
4772.000000,0.269849,0.157209,0.080370,0.084118,-0.035860,0.000893,-0.046295,0.017758,0.049584,0.017292
4773.000000,0.270374,0.158400,0.035827,0.083803,-0.038027,0.002002,0.049059,-0.010686,0.050209,0.017509
4774.000000,0.241222,0.122684,-0.038723,-0.016518,0.008387,0.001202,0.076654,-0.023886,0.080289,0.027981
4775.000000,0.233712,0.118197,-0.015721,-0.019498,0.012460,-0.000201,0.055829,-0.015853,0.058036,0.020236
4776.000000,0.225283,0.105930,-0.037263,-0.054850,0.022089,-0.000309,0.009842,-0.003392,0.010410,0.003632
4777.000000,0.217564,0.093973,-0.068527,-0.118463,0.045424,0.002989,-0.095174,0.021531,0.097579,0.033989
4778.000000,0.250879,0.139882,0.072757,0.048523,-0.020639,0.000450,-0.117152,0.034277,0.122064,0.042479
4779.000000,0.263785,0.157466,0.070443,0.097581,-0.042380,0.001070,-0.028877,0.010993,0.030899,0.010778
4780.000000,0.251065,0.144174,0.016346,0.056906,-0.022663,0.001617,0.054577,-0.014768,0.056540,0.019715
4781.000000,0.233300,0.125151,-0.012164,0.009172,-0.000221,0.000371,0.087029,-0.024327,0.090365,0.031483
4782.000000,0.213488,0.098893,-0.058826,-0.077177,0.033236,0.001016,0.039215,-0.013241,0.041390,0.014436
4783.000000,0.225984,0.118144,0.008269,-0.004672,0.001829,-0.000361,0.000372,0.001541,0.001585,0.000553
4784.000000,0.227662,0.121266,0.009442,0.019597,-0.010718,-0.001738,0.011443,-0.001604,0.011555,0.004031
4785.000000,0.206875,0.093545,-0.053494,-0.068439,0.026420,-0.001047,-0.025616,0.002979,0.025789,0.008996
4786.000000,0.213195,0.106057,0.007073,-0.018653,0.009872,-0.001589,-0.069856,0.017801,0.072088,0.025128
4787.000000,0.247266,0.157224,0.101130,0.130863,-0.053420,-0.000813,0.009758,0.003767,0.010460,0.003649
4788.000000,0.209012,0.099667,-0.066144,-0.050996,0.018207,0.000628,0.035897,-0.013538,0.038365,0.013381
4789.000000,0.196105,0.084761,-0.079154,-0.136349,0.058319,0.005540,-0.079364,0.014811,0.080734,0.028136
4790.000000,0.240603,0.142141,0.091201,0.065721,-0.025977,0.002795,-0.097998,0.031345,0.102889,0.035832
4791.000000,0.276259,0.191444,0.107158,0.172335,-0.075074,0.007620,0.048360,-0.005501,0.048672,0.016974
4792.000000,0.257971,0.174302,0.001873,0.100540,-0.038561,0.011395,0.195190,-0.052681,0.202174,0.070054
4793.000000,0.206626,0.101311,-0.152360,-0.166617,0.078077,0.014372,0.128681,-0.044160,0.136047,0.047317
4794.000000,0.231100,0.122929,-0.101554,-0.202755,0.084377,0.026886,-0.084090,0.018636,0.086130,0.030012
4795.000000,0.285956,0.169741,0.051812,-0.016239,-0.005742,0.021101,-0.187738,0.055902,0.195884,0.067903
4796.000000,0.347062,0.242603,0.167181,0.197487,-0.090919,0.019548,-0.061514,0.024988,0.066396,0.023147
4797.000000,0.326094,0.209717,0.006127,0.086835,-0.032075,0.019724,0.088014,-0.026678,0.091968,0.032040
4798.000000,0.287284,0.145937,-0.092341,-0.093508,0.048845,0.015670,0.064888,-0.024517,0.069365,0.024180
4799.000000,0.296124,0.143134,-0.041592,-0.103498,0.045050,0.015175,-0.047897,0.011915,0.049357,0.017212
4800.000000,0.324693,0.166585,0.043846,0.010218,-0.010628,0.009199,-0.088628,0.027902,0.092916,0.032370
4801.000000,0.353104,0.203939,0.091537,0.132173,-0.059143,0.007199,0.005183,0.003608,0.006315,0.002203
4802.000000,0.317280,0.153182,-0.046292,-0.009017,0.005134,0.005399,0.060219,-0.020558,0.063631,0.022184
4803.000000,0.316860,0.159184,0.013648,0.032856,-0.006755,0.001498,0.078062,-0.020283,0.080654,0.028108
4804.000000,0.304282,0.140903,-0.024216,-0.008487,0.003431,-0.000702,0.087503,-0.022468,0.090341,0.031475
4805.000000,0.283039,0.113434,-0.087086,-0.117390,0.045900,0.001358,0.004556,-0.005556,0.007185,0.002507
4806.000000,0.295460,0.133214,-0.008616,-0.053581,0.021761,0.001459,-0.085740,0.021851,0.088481,0.030828
4807.000000,0.304520,0.142489,0.027183,0.000779,-0.002117,-0.001158,-0.109968,0.030122,0.114019,0.039692
4808.000000,0.316729,0.160982,0.065732,0.071998,-0.030736,-0.002667,-0.061066,0.018754,0.063881,0.022271
4809.000000,0.309189,0.154470,0.029355,0.055673,-0.022980,-0.002626,0.009740,-0.002134,0.009971,0.003479
4810.000000,0.288868,0.131015,-0.016122,-0.005560,0.004149,-0.003380,0.031740,-0.010304,0.033371,0.011640
4811.000000,0.279425,0.122665,-0.013125,-0.020632,0.010454,-0.004139,0.015263,-0.004861,0.016018,0.005588
4812.000000,0.293180,0.147841,0.045170,0.067668,-0.027589,-0.005064,0.051389,-0.009806,0.052316,0.018244
4813.000000,0.280296,0.135795,-0.007146,0.035157,-0.016912,-0.004510,0.106501,-0.027282,0.109940,0.038278
4814.000000,0.245507,0.093888,-0.104119,-0.126080,0.052226,-0.000893,0.037809,-0.016518,0.041260,0.014390
4815.000000,0.253458,0.108130,-0.051311,-0.119062,0.050603,0.004740,-0.100449,0.023457,0.103152,0.035923
4816.000000,0.292790,0.156244,0.084734,0.059888,-0.027202,0.001480,-0.114996,0.035918,0.120475,0.041929
4817.000000,0.308492,0.176944,0.075355,0.114072,-0.051756,0.002649,-0.010358,0.006776,0.012377,0.004318
4818.000000,0.284041,0.147617,-0.009578,0.030904,-0.011429,0.002386,0.063197,-0.019265,0.066068,0.023033
4819.000000,0.263792,0.124338,-0.030829,-0.028701,0.016940,0.000728,0.058088,-0.018070,0.060834,0.021210
4820.000000,0.254280,0.110513,-0.043162,-0.072468,0.031063,0.001036,-0.004020,-0.000542,0.004056,0.001415
4821.000000,0.260805,0.118037,-0.008937,-0.039387,0.013911,0.000205,-0.064038,0.017276,0.066327,0.023123
4822.000000,0.277283,0.142450,0.052507,0.055439,-0.024775,-0.001858,-0.044852,0.014682,0.047194,0.016459
4823.000000,0.267411,0.131161,0.010764,0.029880,-0.013531,-0.002290,0.000935,-0.000508,0.001064,0.000371
4824.000000,0.261400,0.130278,0.017270,0.037362,-0.013192,-0.003071,0.039956,-0.010406,0.041289,0.014401
4825.000000,0.256536,0.130337,0.014795,0.043794,-0.016484,-0.003415,0.086803,-0.021521,0.089431,0.031159
4826.000000,0.222349,0.083760,-0.104725,-0.132636,0.053766,0.000446,0.017665,-0.010486,0.020543,0.007166
4827.000000,0.242430,0.115022,0.005250,-0.034083,0.015004,0.000958,-0.066604,0.018102,0.069020,0.024060
4828.000000,0.261905,0.140473,0.056629,0.062157,-0.027893,-0.000971,-0.040430,0.014604,0.042987,0.014992
4829.000000,0.244413,0.115436,-0.015995,-0.005382,-0.000645,-0.001414,-0.015294,0.002418,0.015484,0.005402
4830.000000,0.250241,0.132651,0.042314,0.058826,-0.021154,-0.002577,0.021885,-0.004591,0.022361,0.007801
4831.000000,0.245797,0.131995,0.021262,0.057074,-0.022353,-0.002227,0.087579,-0.021342,0.090142,0.031406
4832.000000,0.210261,0.083268,-0.098885,-0.118146,0.048088,0.000704,0.034316,-0.014657,0.037315,0.013015
4833.000000,0.215411,0.092098,-0.070870,-0.144793,0.059615,0.007955,-0.117461,0.026841,0.120489,0.041934
4834.000000,0.261236,0.147578,0.091119,0.058137,-0.026690,0.004517,-0.144949,0.043852,0.151437,0.052631
4835.000000,0.297509,0.197294,0.119215,0.171372,-0.075311,0.008398,-0.002511,0.007342,0.007760,0.002707
4836.000000,0.272426,0.166441,-0.005173,0.067535,-0.025218,0.010132,0.121958,-0.034680,0.126793,0.044116
4837.000000,0.236345,0.116401,-0.083161,-0.085064,0.042691,0.008770,0.095550,-0.031343,0.100559,0.035024
4838.000000,0.244171,0.123044,-0.027366,-0.061392,0.028218,0.007851,0.014710,-0.003776,0.015187,0.005298
4839.000000,0.270303,0.154042,0.046231,0.059510,-0.028120,0.004006,0.026367,-0.001793,0.026428,0.009219
4840.000000,0.258604,0.138441,-0.011251,0.025940,-0.014655,0.002387,0.071356,-0.019062,0.073858,0.025744
4841.000000,0.223744,0.089920,-0.138451,-0.191340,0.079868,0.009216,-0.045281,0.002067,0.045328,0.015808
4842.000000,0.254124,0.120253,-0.043072,-0.152754,0.060164,0.018194,-0.235302,0.060101,0.242856,0.083896
4843.000000,0.321257,0.193496,0.171139,0.116482,-0.056224,0.012083,-0.226200,0.068978,0.236483,0.081736
4844.000000,0.418498,0.326181,0.221017,0.324878,-0.139279,0.030362,0.045467,-0.000301,0.045468,0.015857
4845.000000,0.380569,0.269549,-0.055473,0.125768,-0.033718,0.035331,0.277863,-0.081103,0.289457,0.099580
4846.000000,0.332780,0.173224,-0.214321,-0.200197,0.106255,0.033200,0.198534,-0.065612,0.209095,0.072418
4847.000000,0.389825,0.209067,-0.038955,-0.090414,0.036885,0.030613,0.043772,-0.008056,0.044507,0.015522
4848.000000,0.408734,0.206128,-0.023932,-0.047724,0.007354,0.020111,-0.029984,0.009752,0.031530,0.010998
4849.000000,0.397912,0.175722,-0.079084,-0.147792,0.053111,0.017220,-0.150376,0.033185,0.153994,0.053513
4850.000000,0.428081,0.204673,0.085516,-0.000629,0.000375,0.009925,-0.218487,0.058961,0.226303,0.078279
4851.000000,0.482473,0.273099,0.188856,0.186217,-0.079003,0.007720,-0.092844,0.033594,0.098735,0.034390
4852.000000,0.473599,0.255672,0.031264,0.109442,-0.045886,0.009030,0.066815,-0.017244,0.069004,0.024055
4853.000000,0.442735,0.214744,-0.041265,0.020959,-0.002339,0.003744,0.131338,-0.038023,0.136731,0.047554
4854.000000,0.433478,0.205985,-0.022520,0.026029,-0.005755,-0.001445,0.158433,-0.041005,0.163653,0.056840
4855.000000,0.403070,0.166040,-0.110546,-0.111656,0.044462,-0.001520,0.095351,-0.028841,0.099617,0.034697
4856.000000,0.402551,0.171073,-0.083156,-0.149839,0.059916,0.003635,-0.056761,0.010682,0.057757,0.020139
4857.000000,0.422701,0.193211,0.016700,-0.061849,0.022035,0.002270,-0.167423,0.044427,0.173217,0.060129
4858.000000,0.457392,0.239038,0.132151,0.109876,-0.048022,-0.002320,-0.121865,0.037628,0.127542,0.044376
4859.000000,0.474353,0.268087,0.093030,0.160355,-0.067558,0.001095,0.036774,-0.005755,0.037222,0.012983
4860.000000,0.423016,0.196877,-0.081194,-0.038845,0.019803,-0.000669,0.084813,-0.028675,0.089529,0.031193
4861.000000,0.411150,0.184764,-0.041036,-0.066008,0.033014,-0.002319,0.022410,-0.008441,0.023947,0.008354
4862.000000,0.417095,0.191452,0.006837,-0.019042,0.006665,-0.005200,-0.020959,0.007491,0.022257,0.007764
4863.000000,0.430075,0.214028,0.049128,0.074390,-0.034383,-0.007723,0.020383,-0.001515,0.020439,0.007130
4864.000000,0.405913,0.188647,-0.025481,0.013155,-0.007520,-0.008576,0.063793,-0.018517,0.066426,0.023157
4865.000000,0.369218,0.143779,-0.127831,-0.189404,0.080428,-0.000953,-0.057343,0.005607,0.057616,0.020090
4866.000000,0.410579,0.198746,0.079498,0.009869,-0.001975,-0.002373,-0.138326,0.040207,0.144051,0.050082
4867.000000,0.460860,0.267444,0.148148,0.189434,-0.083324,-0.000247,-0.006204,0.011039,0.012663,0.004418
4868.000000,0.426547,0.221099,-0.036238,0.050591,-0.022250,0.001393,0.115454,-0.033501,0.120216,0.041840
4869.000000,0.393668,0.183857,-0.067558,-0.043608,0.024819,-0.001657,0.109476,-0.033779,0.114569,0.039883
4870.000000,0.381341,0.168494,-0.063108,-0.097885,0.043512,-0.001003,0.023437,-0.008588,0.024961,0.008707
4871.000000,0.386878,0.173774,-0.025806,-0.077909,0.028776,-0.001077,-0.074165,0.019452,0.076674,0.026723
4872.000000,0.397889,0.188404,0.035366,0.000307,-0.003757,-0.004525,-0.110006,0.030155,0.114064,0.039708
4873.000000,0.404293,0.201784,0.064152,0.063657,-0.026886,-0.006877,-0.067054,0.019208,0.069751,0.024315
4874.000000,0.405464,0.212292,0.055719,0.095623,-0.038201,-0.006522,0.026763,-0.005062,0.027238,0.009501
4875.000000,0.367823,0.163375,-0.057511,-0.045718,0.019925,-0.006647,0.040233,-0.014652,0.042818,0.014934
4876.000000,0.362357,0.163806,-0.011059,-0.031836,0.016036,-0.007416,-0.002344,-0.000332,0.002367,0.000826
4877.000000,0.399090,0.222796,0.095863,0.145858,-0.060545,-0.006924,0.081229,-0.013859,0.082403,0.028716
4878.000000,0.347727,0.151775,-0.111928,-0.079027,0.028785,-0.005174,0.095612,-0.030698,0.100419,0.034975
4879.000000,0.335605,0.142547,-0.128786,-0.221950,0.093908,0.007858,-0.089554,0.014221,0.090676,0.031591
4880.000000,0.405757,0.227119,0.143113,0.084273,-0.035882,0.003513,-0.135239,0.043851,0.142171,0.049433
4881.000000,0.457211,0.292957,0.133882,0.219348,-0.097056,0.009759,0.051035,-0.004630,0.051245,0.017870
4882.000000,0.397774,0.203744,-0.108241,-0.030473,0.016044,0.008237,0.131852,-0.043062,0.138706,0.048236
4883.000000,0.377781,0.169593,-0.136000,-0.212843,0.096759,0.015646,-0.025035,-0.003142,0.025231,0.008802
4884.000000,0.434529,0.222358,0.079327,-0.000038,-0.003059,0.010827,-0.123257,0.039254,0.129357,0.045004
4885.000000,0.459727,0.241995,0.087442,0.095602,-0.049070,0.004833,-0.058629,0.021120,0.062317,0.021727
4886.000000,0.440637,0.216197,0.003741,0.043505,-0.019380,0.001311,0.014973,-0.006339,0.016260,0.005672
4887.000000,0.429514,0.209909,0.014033,0.051377,-0.014976,-0.002706,0.069650,-0.019068,0.072213,0.025171
4888.000000,0.404636,0.177352,-0.044461,-0.030845,0.014564,-0.005041,0.072680,-0.020566,0.075534,0.026327
4889.000000,0.392725,0.166147,-0.042130,-0.059700,0.023760,-0.005845,0.018285,-0.006202,0.019308,0.006736
4890.000000,0.385606,0.161208,-0.033082,-0.073095,0.028467,-0.005568,-0.058518,0.013334,0.060018,0.020926
4891.000000,0.391230,0.173108,0.023507,-0.012669,0.004883,-0.007360,-0.100973,0.026702,0.104444,0.036372
4892.000000,0.426953,0.231984,0.122576,0.156551,-0.064784,-0.006316,-0.001384,0.007010,0.007145,0.002493
4893.000000,0.414907,0.223786,0.012381,0.109382,-0.045990,-0.001746,0.144596,-0.036901,0.149230,0.051870
4894.000000,0.362279,0.156436,-0.125323,-0.105330,0.047537,-0.001148,0.124249,-0.040314,0.130626,0.045443
4895.000000,0.360108,0.155289,-0.107478,-0.197472,0.084807,0.009568,-0.056799,0.008902,0.057492,0.020047
4896.000000,0.401438,0.195493,0.042736,-0.044425,0.012164,0.007856,-0.177575,0.050701,0.184671,0.064062
4897.000000,0.425627,0.218265,0.099032,0.069268,-0.036037,0.001817,-0.151085,0.043933,0.157343,0.054667
4898.000000,0.433891,0.232832,0.087199,0.113200,-0.047565,0.000728,-0.042696,0.012941,0.044614,0.015560
4899.000000,0.443954,0.258587,0.069282,0.161053,-0.061226,0.003279,0.117702,-0.028229,0.121040,0.042125
4900.000000,0.399747,0.198262,-0.079014,-0.002420,0.005812,0.001278,0.190449,-0.053548,0.197834,0.068570
4901.000000,0.375588,0.168938,-0.103480,-0.108356,0.048069,0.001213,0.116246,-0.034749,0.121329,0.042225
4902.000000,0.378662,0.173697,-0.070420,-0.124496,0.049754,0.004053,-0.017501,0.002457,0.017673,0.006165
4903.000000,0.394002,0.189981,-0.000824,-0.055164,0.017963,0.001777,-0.112007,0.030015,0.115959,0.040365
4904.000000,0.408615,0.208312,0.065378,0.041401,-0.019736,-0.003027,-0.109590,0.030927,0.113870,0.039641
4905.000000,0.408229,0.210600,0.056038,0.065878,-0.027372,-0.005142,-0.046112,0.013150,0.047950,0.016722
4906.000000,0.392835,0.194452,0.014736,0.033301,-0.011942,-0.006674,0.006749,-0.002523,0.007205,0.002514
4907.000000,0.376559,0.177838,-0.006252,0.001056,0.001461,-0.008215,0.022866,-0.006900,0.023884,0.008332
4908.000000,0.366142,0.169849,-0.006536,-0.006528,0.003134,-0.009363,0.018986,-0.005130,0.019667,0.006861
4909.000000,0.356148,0.163001,-0.010310,-0.012907,0.004523,-0.010038,0.007303,-0.002283,0.007652,0.002669
4910.000000,0.357901,0.175430,0.025105,0.041737,-0.017314,-0.010806,0.029539,-0.006052,0.030153,0.010518
4911.000000,0.339141,0.157312,-0.021347,-0.003399,0.000046,-0.010603,0.046670,-0.013170,0.048493,0.016911
4912.000000,0.325366,0.148877,-0.021255,-0.020221,0.008855,-0.010445,0.031579,-0.009633,0.033016,0.011516
4913.000000,0.310328,0.135144,-0.039316,-0.063691,0.026405,-0.008911,-0.020689,0.003003,0.020906,0.007293
4914.000000,0.316805,0.150484,0.019232,-0.000196,0.000560,-0.009290,-0.050355,0.014137,0.052302,0.018238
4915.000000,0.316529,0.154516,0.025474,0.027401,-0.012566,-0.009624,-0.032062,0.009640,0.033480,0.011678
4916.000000,0.295321,0.128741,-0.030873,-0.046204,0.018070,-0.008694,-0.050649,0.010226,0.051671,0.018019
4917.000000,0.308263,0.156133,0.057317,0.053629,-0.019005,-0.009338,-0.035944,0.011457,0.037726,0.013158
4918.000000,0.304411,0.155326,0.027814,0.053549,-0.022900,-0.008297,0.024943,-0.004695,0.025381,0.008854
4919.000000,0.281567,0.129539,-0.030048,-0.019302,0.007119,-0.007672,0.036758,-0.011726,0.038583,0.013457
4920.000000,0.281863,0.140577,0.016947,0.026959,-0.008951,-0.008142,0.046097,-0.011265,0.047453,0.016549
4921.000000,0.279078,0.144339,0.012835,0.045325,-0.019142,-0.007756,0.089277,-0.021411,0.091809,0.031985
4922.000000,0.247229,0.105208,-0.083221,-0.090451,0.035404,-0.005315,0.049356,-0.017309,0.052303,0.018239
4923.000000,0.248981,0.115655,-0.030618,-0.068936,0.029868,-0.003033,-0.038893,0.008231,0.039754,0.013866
4924.000000,0.251552,0.117761,-0.016014,-0.056950,0.022025,-0.002351,-0.109170,0.027992,0.112702,0.039236
4925.000000,0.258723,0.125589,0.019858,-0.013195,0.003535,-0.003428,-0.144492,0.038189,0.149453,0.051947
4926.000000,0.282995,0.162977,0.099230,0.105342,-0.043390,-0.003479,-0.079566,0.024913,0.083375,0.029054
4927.000000,0.304733,0.203171,0.094337,0.170219,-0.069560,0.003446,0.083575,-0.017240,0.085335,0.029735
4928.000000,0.265922,0.153995,-0.046810,0.020643,-0.004549,0.004518,0.176009,-0.049704,0.182892,0.063452
4929.000000,0.234699,0.112733,-0.115801,-0.143355,0.064888,0.007584,0.088684,-0.030051,0.093637,0.032620
4930.000000,0.257053,0.138529,-0.022813,-0.070086,0.028645,0.008419,-0.024840,0.007597,0.025976,0.009061
4931.000000,0.267648,0.144440,-0.003418,-0.028299,0.005312,0.004998,-0.076142,0.021471,0.079111,0.027571
4932.000000,0.285688,0.170379,0.063060,0.075627,-0.033475,0.001891,-0.038173,0.012753,0.040247,0.014037
4933.000000,0.271995,0.152786,0.008001,0.033448,-0.013346,0.000748,0.019345,-0.006063,0.020273,0.007072
4934.000000,0.252764,0.127917,-0.027710,-0.030400,0.015081,-0.000523,0.014318,-0.006362,0.015668,0.005466
4935.000000,0.244393,0.115837,-0.031405,-0.063880,0.027432,-0.000342,-0.042779,0.009355,0.043790,0.015272
4936.000000,0.250535,0.122207,0.003524,-0.029291,0.010899,-0.001253,-0.092065,0.024532,0.095277,0.033190
4937.000000,0.270589,0.151308,0.070453,0.075548,-0.032381,-0.002621,-0.054667,0.018005,0.057556,0.020069
4938.000000,0.286588,0.181470,0.076108,0.139651,-0.058062,0.001259,0.074260,-0.015480,0.075856,0.026439
4939.000000,0.248799,0.133250,-0.050403,-0.004951,0.004351,0.001822,0.135442,-0.039317,0.141033,0.049040
4940.000000,0.223090,0.100523,-0.107143,-0.149920,0.066279,0.006436,0.032081,-0.015059,0.035440,0.012361
4941.000000,0.262549,0.150396,0.048663,0.026377,-0.010873,0.003876,-0.019527,0.010041,0.021957,0.007660
4942.000000,0.272805,0.161039,0.034972,0.072464,-0.035397,0.002299,0.041491,-0.007240,0.042118,0.014690
4943.000000,0.239824,0.116313,-0.069539,-0.062170,0.024147,0.001864,0.033137,-0.014001,0.035973,0.012548
4944.000000,0.228086,0.100277,-0.093267,-0.167397,0.071493,0.008985,-0.107901,0.021447,0.110012,0.038303
4945.000000,0.262221,0.134375,0.032164,-0.044113,0.015700,0.008644,-0.214557,0.058853,0.222482,0.076980
4946.000000,0.333042,0.226361,0.195398,0.208239,-0.092333,0.010089,-0.093946,0.035713,0.100505,0.035005
4947.000000,0.334662,0.229218,0.050303,0.150526,-0.062236,0.017807,0.103210,-0.026719,0.106612,0.037124
4948.000000,0.293455,0.172256,-0.060737,0.003713,0.009579,0.013534,0.174652,-0.051977,0.182222,0.063222
4949.000000,0.282266,0.153052,-0.048110,-0.035129,0.022743,0.008971,0.152059,-0.041354,0.157582,0.054749
4950.000000,0.271157,0.130791,-0.097366,-0.131625,0.052417,0.010184,0.047003,-0.015105,0.049370,0.017217
4951.000000,0.285939,0.146332,-0.046089,-0.100478,0.036230,0.010817,-0.081218,0.020192,0.083690,0.029163
4952.000000,0.309189,0.171513,0.045953,0.015789,-0.010176,0.005617,-0.116782,0.032931,0.121336,0.042227
4953.000000,0.316419,0.177751,0.055611,0.058940,-0.026039,0.002246,-0.069625,0.020026,0.072448,0.025253
4954.000000,0.301983,0.156317,0.007741,0.012138,-0.004384,0.000047,-0.034160,0.007581,0.034991,0.012205
4955.000000,0.295418,0.148975,0.014093,0.009777,-0.001539,-0.002166,-0.021990,0.005369,0.022636,0.007896
4956.000000,0.292017,0.145479,0.015529,0.016269,-0.006014,-0.003794,-0.006535,0.002502,0.006998,0.002441
4957.000000,0.293636,0.152322,0.028303,0.049732,-0.020849,-0.004689,0.034528,-0.007148,0.035260,0.012299
4958.000000,0.282691,0.143707,0.000371,0.032371,-0.013916,-0.004863,0.079426,-0.020554,0.082042,0.028590
4959.000000,0.270280,0.135849,-0.010862,0.018162,-0.006644,-0.005299,0.106776,-0.028230,0.110445,0.038453
4960.000000,0.257163,0.126336,-0.024050,-0.003275,0.001775,-0.005608,0.113129,-0.029979,0.117034,0.040737
4961.000000,0.228370,0.090270,-0.143070,-0.203326,0.082824,0.004248,-0.025126,-0.001486,0.025170,0.008780
4962.000000,0.260061,0.127589,-0.054573,-0.163243,0.062065,0.015289,-0.227847,0.057774,0.235058,0.081253
4963.000000,0.331203,0.210944,0.182922,0.133477,-0.062342,0.009877,-0.212299,0.065153,0.222072,0.076840
4964.000000,0.386576,0.284751,0.163207,0.240133,-0.103781,0.020492,0.011065,0.004521,0.011953,0.004170
4965.000000,0.351836,0.233843,-0.030884,0.082616,-0.023916,0.020845,0.176835,-0.051944,0.184306,0.063936
4966.000000,0.314067,0.169296,-0.114508,-0.099583,0.054029,0.016088,0.147085,-0.045789,0.154047,0.053531
4967.000000,0.330018,0.176431,-0.037038,-0.064646,0.028534,0.012628,0.057021,-0.013801,0.058667,0.020456
4968.000000,0.335068,0.171833,-0.035682,-0.057681,0.016951,0.008121,-0.011651,0.003534,0.012175,0.004248
4969.000000,0.329397,0.159420,-0.046534,-0.090760,0.032750,0.006143,-0.099102,0.022530,0.101631,0.035395
4970.000000,0.344392,0.177020,0.045731,0.000388,0.000535,0.001848,-0.140675,0.037425,0.145568,0.050606
4971.000000,0.352591,0.183616,0.065233,0.047387,-0.019856,-0.001580,-0.108543,0.030699,0.112801,0.039270
4972.000000,0.381708,0.229729,0.112689,0.161519,-0.066692,0.000687,0.022084,-0.000041,0.022084,0.007704
4973.000000,0.369518,0.220014,0.011105,0.112313,-0.044254,0.004241,0.172081,-0.044772,0.177810,0.061707
4974.000000,0.328425,0.168254,-0.085901,-0.028159,0.017222,0.001986,0.204882,-0.058235,0.212998,0.073749
4975.000000,0.307705,0.142895,-0.127954,-0.165484,0.072356,0.007069,0.080230,-0.027058,0.084670,0.029504
4976.000000,0.328434,0.162218,-0.098627,-0.206548,0.079520,0.018838,-0.134036,0.031918,0.137784,0.047917
4977.000000,0.375883,0.204522,0.066699,-0.029103,0.000787,0.013793,-0.248118,0.069375,0.257634,0.088891
4978.000000,0.419271,0.252960,0.168112,0.140874,-0.064796,0.008617,-0.165713,0.049763,0.173024,0.060063
4979.000000,0.437715,0.278839,0.106406,0.168230,-0.068245,0.011516,0.012686,-0.000729,0.012707,0.004433
4980.000000,0.428681,0.269485,0.015830,0.133136,-0.045880,0.011427,0.179289,-0.047490,0.185472,0.064336
4981.000000,0.381934,0.197007,-0.119578,-0.061915,0.033099,0.006856,0.198682,-0.057580,0.206857,0.071654
4982.000000,0.372841,0.180440,-0.127936,-0.177143,0.075726,0.011488,0.050706,-0.018699,0.054044,0.018845
4983.000000,0.406999,0.214312,0.002546,-0.053221,0.016712,0.008601,-0.066888,0.020190,0.069869,0.024356
4984.000000,0.416797,0.218436,0.029914,0.008901,-0.009998,0.001789,-0.085305,0.023918,0.088595,0.030868
4985.000000,0.414757,0.216347,0.038839,0.038620,-0.016567,-0.002823,-0.055141,0.014336,0.056974,0.019866
4986.000000,0.400542,0.199294,0.013423,0.013085,-0.003171,-0.005801,-0.028526,0.006249,0.029202,0.010187
4987.000000,0.394028,0.194819,0.021485,0.023275,-0.007538,-0.008162,-0.006859,0.002311,0.007238,0.002525
4988.000000,0.380125,0.179615,-0.005037,-0.004484,0.001308,-0.009481,0.000861,-0.000601,0.001050,0.000366
4989.000000,0.370204,0.173557,-0.001659,-0.005279,0.002088,-0.010477,-0.004777,0.000700,0.004828,0.001684
4990.000000,0.367868,0.179662,0.020975,0.031087,-0.012355,-0.011335,0.013753,-0.002559,0.013989,0.004880
4991.000000,0.353642,0.168085,-0.007350,0.008703,-0.004413,-0.011414,0.034075,-0.009159,0.035284,0.012307
4992.000000,0.335845,0.152725,-0.027851,-0.030146,0.012308,-0.011025,0.017857,-0.006521,0.019010,0.006632
4993.000000,0.349763,0.184388,0.051582,0.078757,-0.031248,-0.011217,0.057137,-0.011406,0.058264,0.020315
4994.000000,0.322015,0.151963,-0.044546,-0.015611,0.003702,-0.010118,0.083245,-0.023301,0.086445,0.030121
4995.000000,0.293133,0.119253,-0.140573,-0.213464,0.088167,0.001285,-0.067306,0.008235,0.067808,0.023638
4996.000000,0.335625,0.172820,0.049481,-0.036143,0.014694,0.002928,-0.190185,0.052245,0.197231,0.068364
4997.000000,0.403004,0.261914,0.189688,0.207949,-0.091157,0.004490,-0.066487,0.028290,0.072255,0.025186
4998.000000,0.394197,0.249340,0.022585,0.128410,-0.053789,0.010618,0.115740,-0.030823,0.119774,0.041686
4999.000000,0.338603,0.166698,-0.135779,-0.125223,0.060633,0.009353,0.090586,-0.034065,0.096779,0.033711
5000.000000,0.350979,0.173370,-0.050115,-0.126226,0.056837,0.012253,-0.052075,0.011784,0.053392,0.018618
